40 
0.000000 0.030392 0.055497 0.096950 0.049102 0.102688 0.460402 0.125114 0.146178 0.110085 0.104709 0.085201 0.147134 0.157974 0.205173 0.277852 0.377266 0.036029 0.110706 0.451482 0.619222 0.099770 0.274488 0.196218 0.344517 0.132746 0.023977 0.302055 0.050828 0.097793 0.118762 0.026978 0.367637 0.044238 0.519208 0.180523 0.046637 0.261746 0.058444 0.044060 
0.030392 0.000000 0.219653 0.273579 0.124922 0.003167 0.021208 0.004225 0.005141 0.003449 0.003256 0.352735 0.005438 0.005529 0.037361 0.033792 0.011512 0.572470 0.003509 0.059618 0.022362 0.003108 0.103878 0.139251 0.083645 0.228762 0.744798 0.090874 0.173920 0.308413 0.003664 0.862485 0.023269 0.395898 0.015781 0.168351 0.649196 0.113041 0.382999 0.474982 
0.055497 0.219653 0.000000 0.176158 0.558658 0.007087 0.052224 0.010609 0.013204 0.007957 0.007421 0.327071 0.014426 0.014073 0.126195 0.102759 0.023291 0.374859 0.008251 0.122719 0.048597 0.005767 0.126327 0.267920 0.156992 0.262584 0.165319 0.109884 0.771950 0.252751 0.008153 0.190635 0.063342 0.550988 0.030470 0.217990 0.255409 0.144028 0.535389 0.462445 
0.096950 0.273579 0.176158 0.000000 0.104267 0.009974 0.058497 0.012399 0.014785 0.010673 0.010154 0.536382 0.015278 0.015955 0.073838 0.075187 0.036703 0.245862 0.010746 0.165430 0.066467 0.010571 0.351980 0.316057 0.231275 0.563542 0.230062 0.313743 0.137624 0.695686 0.011532 0.251678 0.059192 0.232360 0.050778 0.473904 0.413318 0.369212 0.300844 0.264957 
0.049102 0.124922 0.558658 0.104267 0.000000 0.007444 0.053836 0.011713 0.014678 0.008466 0.007859 0.190433 0.016285 0.015540 0.150651 0.115335 0.022530 0.216335 0.008856 0.107648 0.047082 0.005573 0.089469 0.201395 0.127963 0.166007 0.094709 0.078709 0.717709 0.149830 0.008515 0.108846 0.068433 0.315536 0.028525 0.147040 0.142689 0.102136 0.299366 0.262048 
0.102688 0.003167 0.007087 0.009974 0.007444 0.000000 0.135677 0.553796 0.452887 0.849876 0.918314 0.008954 0.390950 0.442898 0.047954 0.064312 0.271745 0.003935 0.784209 0.052261 0.140143 0.465429 0.028317 0.021857 0.037612 0.013830 0.002479 0.031477 0.006955 0.010099 0.864442 0.002799 0.108783 0.005054 0.196301 0.018744 0.004841 0.026880 0.006541 0.004885 
0.460402 0.021208 0.052224 0.058497 0.053836 0.135677 0.000000 0.197351 0.241949 0.152232 0.142083 0.059947 0.256188 0.259812 0.318659 0.442339 0.399445 0.027849 0.157413 0.350583 0.715349 0.101938 0.155330 0.151957 0.248723 0.089867 0.016279 0.164031 0.051117 0.064413 0.155966 0.018564 0.729295 0.036570 0.451847 0.119263 0.031912 0.155055 0.046767 0.034851 
0.125114 0.004225 0.010609 0.012399 0.011713 0.553796 0.197351 0.000000 0.795651 0.651614 0.601650 0.011972 0.697114 0.753337 0.077311 0.101254 0.306303 0.005496 0.704715 0.070819 0.186188 0.273388 0.034656 0.030102 0.050356 0.018184 0.003261 0.037849 0.010652 0.013113 0.586626 0.003708 0.167476 0.007244 0.225059 0.024409 0.006395 0.033559 0.009234 0.006880 
0.146178 0.005141 0.013204 0.014785 0.014678 0.452887 0.241949 0.795651 0.000000 0.531652 0.489906 0.014552 0.861026 0.925274 0.097008 0.126657 0.338640 0.006755 0.570837 0.085877 0.222352 0.235242 0.040988 0.036775 0.060971 0.021989 0.003956 0.044507 0.013304 0.015819 0.491941 0.004505 0.208372 0.008948 0.254001 0.029418 0.007759 0.039928 0.011369 0.008470 
0.110085 0.003449 0.007957 0.010673 0.008466 0.849876 0.152232 0.651614 0.531652 0.000000 0.921410 0.009766 0.459371 0.518032 0.054960 0.073328 0.288775 0.004337 0.920105 0.057394 0.153886 0.405210 0.030237 0.024054 0.041140 0.015027 0.002689 0.033464 0.007854 0.010932 0.857361 0.003042 0.123561 0.005610 0.208386 0.020325 0.005260 0.028849 0.007233 0.005398 
0.104709 0.003256 0.007421 0.010154 0.007859 0.918314 0.142083 0.601650 0.489906 0.921410 0.000000 0.009215 0.423399 0.477401 0.050895 0.068024 0.276014 0.004074 0.853206 0.054015 0.144890 0.429755 0.028798 0.022614 0.038780 0.014203 0.002543 0.031934 0.007309 0.010348 0.865056 0.002874 0.114789 0.005255 0.199181 0.019227 0.004971 0.027414 0.006786 0.005066 
0.085201 0.352735 0.327071 0.536382 0.190433 0.008954 0.059947 0.011972 0.014552 0.009766 0.009215 0.000000 0.015360 0.015655 0.097001 0.091462 0.032411 0.402252 0.009943 0.168998 0.063374 0.008596 0.275672 0.390638 0.237112 0.637856 0.271459 0.239008 0.254502 0.760365 0.010357 0.309594 0.064997 0.420045 0.044293 0.468998 0.531450 0.305732 0.554704 0.462881 
0.147134 0.005438 0.014426 0.015278 0.016285 0.390950 0.256188 0.697114 0.861026 0.459371 0.423399 0.015360 0.000000 0.847358 0.107987 0.139543 0.322765 0.007238 0.494357 0.090097 0.228043 0.202940 0.041937 0.039016 0.063912 0.023058 0.004171 0.045277 0.014639 0.016549 0.423621 0.004757 0.226399 0.009655 0.246976 0.030718 0.008175 0.041099 0.012205 0.009093 
0.157974 0.005529 0.014073 0.015955 0.015540 0.442898 0.259812 0.753337 0.925274 0.518032 0.477401 0.015655 0.847358 0.000000 0.102453 0.134395 0.364587 0.007244 0.553098 0.092452 0.240004 0.237063 0.044266 0.039515 0.065655 0.023682 0.004258 0.048083 0.014139 0.017044 0.486694 0.004847 0.222169 0.009576 0.274159 0.031702 0.008350 0.043100 0.012184 0.009077 
0.205173 0.037361 0.126195 0.073838 0.150651 0.047954 0.318659 0.077311 0.097008 0.054960 0.050895 0.097001 0.107987 0.102453 0.000000 0.718315 0.127290 0.055595 0.057782 0.328882 0.249867 0.032992 0.144798 0.232928 0.275205 0.128297 0.027966 0.140143 0.132667 0.093039 0.054533 0.032296 0.427787 0.078031 0.148545 0.153939 0.052939 0.156147 0.093631 0.070533 
0.277852 0.033792 0.102759 0.075187 0.115335 0.064312 0.442339 0.101254 0.126657 0.073328 0.068024 0.091462 0.139543 0.134395 0.718315 0.000000 0.176804 0.048302 0.076775 0.394957 0.347465 0.045425 0.164476 0.230048 0.307966 0.127082 0.025449 0.162889 0.104902 0.091102 0.073388 0.029299 0.587425 0.066375 0.206737 0.158604 0.049046 0.173959 0.081739 0.061121 
0.377266 0.011512 0.023291 0.036703 0.022530 0.271745 0.399445 0.306303 0.338640 0.288775 0.276014 0.032411 0.322765 0.364587 0.127290 0.176804 0.000000 0.013938 0.287987 0.184116 0.477565 0.246720 0.104201 0.077188 0.134519 0.050321 0.009056 0.115693 0.022102 0.036933 0.314154 0.010201 0.294511 0.017507 0.721560 0.068347 0.017641 0.098834 0.022911 0.017178 
0.036029 0.572470 0.374859 0.245862 0.216335 0.003935 0.027849 0.005496 0.006755 0.004337 0.004074 0.402252 0.007238 0.007244 0.055595 0.048302 0.013938 0.000000 0.004445 0.075214 0.028073 0.003597 0.111098 0.179959 0.103600 0.258776 0.437708 0.096250 0.300541 0.317739 0.004546 0.502040 0.031749 0.680268 0.018862 0.191760 0.543064 0.123706 0.590828 0.787968 
0.110706 0.003509 0.008251 0.010746 0.008856 0.784209 0.157413 0.704715 0.570837 0.920105 0.853206 0.009943 0.494357 0.553098 0.057782 0.076775 0.287987 0.004445 0.000000 0.058609 0.156882 0.373295 0.030388 0.024612 0.041921 0.015261 0.002730 0.033545 0.008177 0.011080 0.797346 0.003091 0.128931 0.005774 0.208031 0.020614 0.005344 0.029078 0.007427 0.005540 
0.451482 0.059618 0.122719 0.165430 0.107648 0.052261 0.350583 0.070819 0.085877 0.057394 0.054015 0.168998 0.090097 0.092452 0.328882 0.394957 0.184116 0.075214 0.058609 0.000000 0.372794 0.046313 0.409612 0.417930 0.709322 0.255882 0.046040 0.411363 0.112533 0.183645 0.060405 0.052358 0.355410 0.095078 0.245762 0.340146 0.090286 0.423802 0.124320 0.093078 
0.619222 0.022362 0.048597 0.066467 0.047082 0.140143 0.715349 0.186188 0.222352 0.153886 0.144890 0.063374 0.228043 0.240004 0.249867 0.347465 0.477565 0.028073 0.156882 0.372794 0.000000 0.117825 0.183870 0.155962 0.267209 0.097082 0.017367 0.198306 0.046272 0.070239 0.161948 0.019691 0.534108 0.035856 0.592775 0.130769 0.034024 0.179569 0.046591 0.034823 
0.099770 0.003108 0.005767 0.010571 0.005573 0.465429 0.101938 0.273388 0.235242 0.405210 0.429755 0.008596 0.202940 0.237063 0.032992 0.045425 0.246720 0.003597 0.373295 0.046313 0.117825 0.000000 0.029670 0.019636 0.034446 0.013453 0.002490 0.033619 0.005454 0.010076 0.463983 0.002779 0.077106 0.004427 0.188445 0.018315 0.004785 0.027476 0.005835 0.004396 
0.274488 0.103878 0.126327 0.351980 0.089469 0.028317 0.155330 0.034656 0.040988 0.030237 0.028798 0.275672 0.041937 0.044266 0.144798 0.164476 0.104201 0.111098 0.030388 0.409612 0.183870 0.029670 0.000000 0.440957 0.526120 0.428672 0.083888 0.864745 0.105700 0.335796 0.032735 0.093383 0.148116 0.124083 0.144216 0.567856 0.159996 0.875744 0.166835 0.130671 
0.196218 0.139251 0.267920 0.316057 0.201395 0.021857 0.151957 0.030102 0.036775 0.024054 0.022614 0.390638 0.039016 0.039515 0.232928 0.230048 0.077188 0.179959 0.024612 0.417930 0.155962 0.019636 0.440957 0.000000 0.569536 0.550003 0.106281 0.390141 0.231605 0.395775 0.025259 0.121590 0.166378 0.225405 0.103852 0.639079 0.207662 0.502352 0.296693 0.222526 
0.344517 0.083645 0.156992 0.231275 0.127963 0.037612 0.248723 0.050356 0.060971 0.041140 0.038780 0.237112 0.063912 0.065655 0.275205 0.307966 0.134519 0.103600 0.041921 0.709322 0.267209 0.034446 0.526120 0.569536 0.000000 0.360616 0.064759 0.503501 0.139729 0.258902 0.043492 0.073563 0.255923 0.128399 0.181820 0.479112 0.126972 0.564125 0.169382 0.127385 
0.132746 0.228762 0.262584 0.563542 0.166007 0.013830 0.089867 0.018184 0.021989 0.015027 0.014203 0.637856 0.023058 0.023682 0.128297 0.127082 0.050321 0.258776 0.015261 0.255882 0.097082 0.013453 0.428672 0.550003 0.360616 0.000000 0.178849 0.371014 0.210576 0.713927 0.015999 0.202364 0.094903 0.286239 0.068946 0.734521 0.349976 0.478001 0.384621 0.304547 
0.023977 0.744798 0.165319 0.230062 0.094709 0.002479 0.016279 0.003261 0.003956 0.002689 0.002543 0.271459 0.004171 0.004258 0.027966 0.025449 0.009056 0.437708 0.002730 0.046040 0.017367 0.002490 0.083888 0.106281 0.064759 0.178849 0.000000 0.073774 0.131662 0.245174 0.002867 0.863526 0.017697 0.299349 0.012452 0.132231 0.509927 0.090470 0.285355 0.356983 
0.302055 0.090874 0.109884 0.313743 0.078709 0.031477 0.164031 0.037849 0.044507 0.033464 0.031934 0.239008 0.045277 0.048083 0.140143 0.162889 0.115693 0.096250 0.033545 0.411363 0.198306 0.033619 0.864745 0.390141 0.503501 0.371014 0.073774 0.000000 0.092309 0.292790 0.036371 0.081906 0.152842 0.107301 0.160292 0.491171 0.139912 0.762447 0.144270 0.113050 
0.050828 0.173920 0.771950 0.137624 0.717709 0.006955 0.051117 0.010652 0.013304 0.007854 0.007309 0.254502 0.014639 0.014139 0.132667 0.104902 0.022102 0.300541 0.008177 0.112533 0.046272 0.005454 0.105700 0.231605 0.139729 0.210576 0.131662 0.092309 0.000000 0.197725 0.007982 0.151428 0.063365 0.439278 0.028530 0.179340 0.198019 0.120665 0.413779 0.365089 
0.097793 0.308413 0.252751 0.695686 0.149830 0.010099 0.064413 0.013113 0.015819 0.010932 0.010348 0.760365 0.016549 0.017044 0.093039 0.091102 0.036933 0.317739 0.011080 0.183645 0.070239 0.010076 0.335796 0.395775 0.258902 0.713927 0.245174 0.292790 0.197725 0.000000 0.011683 0.275421 0.067765 0.320369 0.050786 0.537117 0.474907 0.366517 0.421811 0.356984 
0.118762 0.003664 0.008153 0.011532 0.008515 0.864442 0.155966 0.586626 0.491941 0.857361 0.865056 0.010357 0.423621 0.486694 0.054533 0.073388 0.314154 0.004546 0.797346 0.060405 0.161948 0.463983 0.032735 0.025259 0.043492 0.015999 0.002867 0.036371 0.007982 0.011683 0.000000 0.003238 0.124368 0.005833 0.226873 0.021683 0.005600 0.031086 0.007554 0.005643 
0.026978 0.862485 0.190635 0.251678 0.108846 0.002799 0.018564 0.003708 0.004505 0.003042 0.002874 0.309594 0.004757 0.004847 0.032296 0.029299 0.010201 0.502040 0.003091 0.052358 0.019691 0.002779 0.093383 0.121590 0.073563 0.202364 0.863526 0.081906 0.151428 0.275421 0.003238 0.000000 0.020274 0.344623 0.014007 0.149238 0.578172 0.101155 0.330430 0.412039 
0.367637 0.023269 0.063342 0.059192 0.068433 0.108783 0.729295 0.167476 0.208372 0.123561 0.114789 0.064997 0.226399 0.222169 0.427787 0.587425 0.294511 0.031749 0.128931 0.355410 0.534108 0.077106 0.148116 0.166378 0.255923 0.094903 0.017697 0.152842 0.063365 0.067765 0.124368 0.020274 0.000000 0.042611 0.329624 0.123473 0.034551 0.151150 0.053635 0.039970 
0.044238 0.395898 0.550988 0.232360 0.315536 0.005054 0.036570 0.007244 0.008948 0.005610 0.005255 0.420045 0.009655 0.009576 0.078031 0.066375 0.017507 0.680268 0.005774 0.095078 0.035856 0.004427 0.124083 0.225405 0.128399 0.286239 0.299349 0.107301 0.439278 0.320369 0.005833 0.344623 0.042611 0.000000 0.023444 0.218226 0.427909 0.139831 0.743673 0.824873 
0.519208 0.015781 0.030470 0.050778 0.028525 0.196301 0.451847 0.225059 0.254001 0.208386 0.199181 0.044293 0.246976 0.274159 0.148545 0.206737 0.721560 0.018862 0.208031 0.245762 0.592775 0.188445 0.144216 0.103852 0.181820 0.068946 0.012452 0.160292 0.028530 0.050786 0.226873 0.014007 0.329624 0.023444 0.000000 0.093740 0.024214 0.136483 0.030819 0.023161 
0.180523 0.168351 0.217990 0.473904 0.147040 0.018744 0.119263 0.024409 0.029418 0.020325 0.019227 0.468998 0.030718 0.031702 0.153939 0.158604 0.068347 0.191760 0.020614 0.340146 0.130769 0.018315 0.567856 0.639079 0.479112 0.734521 0.132231 0.491171 0.179340 0.537117 0.021683 0.149238 0.123473 0.218226 0.093740 0.000000 0.258101 0.640658 0.293332 0.228153 
0.046637 0.649196 0.255409 0.413318 0.142689 0.004841 0.031912 0.006395 0.007759 0.005260 0.004971 0.531450 0.008175 0.008350 0.052939 0.049046 0.017641 0.543064 0.005344 0.090286 0.034024 0.004785 0.159996 0.207662 0.126972 0.349976 0.509927 0.139912 0.198019 0.474907 0.005600 0.578172 0.034551 0.427909 0.024214 0.258101 0.000000 0.174088 0.475018 0.516466 
0.261746 0.113041 0.144028 0.369212 0.102136 0.026880 0.155055 0.033559 0.039928 0.028849 0.027414 0.305732 0.041099 0.043100 0.156147 0.173959 0.098834 0.123706 0.029078 0.423802 0.179569 0.027476 0.875744 0.502352 0.564125 0.478001 0.090470 0.762447 0.120665 0.366517 0.031086 0.101155 0.151150 0.139831 0.136483 0.640658 0.174088 0.000000 0.187937 0.146391 
0.058444 0.382999 0.535389 0.300844 0.299366 0.006541 0.046767 0.009234 0.011369 0.007233 0.006786 0.554704 0.012205 0.012184 0.093631 0.081739 0.022911 0.590828 0.007427 0.124320 0.046591 0.005835 0.166835 0.296693 0.169382 0.384621 0.285355 0.144270 0.413779 0.421811 0.007554 0.330430 0.053635 0.743673 0.030819 0.293332 0.475018 0.187937 0.000000 0.744982 
0.044060 0.474982 0.462445 0.264957 0.262048 0.004885 0.034851 0.006880 0.008470 0.005398 0.005066 0.462881 0.009093 0.009077 0.070533 0.061121 0.017178 0.787968 0.005540 0.093078 0.034823 0.004396 0.130671 0.222526 0.127385 0.304547 0.356983 0.113050 0.365089 0.356984 0.005643 0.412039 0.039970 0.824873 0.023161 0.228153 0.516466 0.146391 0.744982 0.000000 
