40 334
0.000000 0.000000 0.000000 0.355539 0.334092 0.559306 0.000000 0.695218 0.425175 0.542737 0.000000 0.654961 0.644792 0.000000 0.000000 0.887282 0.188769 0.000000 0.000000 0.313075 0.321964 0.429797 0.000000 0.526477 0.255684 0.413980 0.611802 0.822551 0.000000 0.000000 0.429646 0.000000 0.210270 0.000000 0.000000 0.292859 0.511886 0.839348 0.000000 0.000000 
0.000000 0.000000 0.000000 0.000000 0.411900 0.000000 0.444253 0.000000 0.000000 0.000000 0.388568 0.000000 0.000000 0.350629 0.548118 0.000000 0.000000 0.000000 0.000000 0.000000 0.394740 0.329872 0.789589 0.000000 0.556181 0.000000 0.000000 0.000000 0.000000 0.269059 0.288949 0.195832 0.238325 0.000000 0.622847 0.000000 0.000000 0.000000 0.288341 0.000000 
0.000000 0.000000 0.000000 0.000000 0.000000 0.000000 0.000000 0.000000 0.000000 0.000000 0.000000 0.000000 0.000000 0.000000 0.000000 0.000000 0.000000 0.907087 0.528164 0.000000 0.000000 0.000000 0.000000 0.000000 0.000000 0.000000 0.000000 0.000000 0.771135 0.000000 0.000000 0.000000 0.000000 0.648859 0.000000 0.000000 0.000000 0.000000 0.000000 0.430954 
0.355539 0.000000 0.000000 0.000000 0.000000 0.297587 0.000000 0.441045 0.310511 0.592516 0.000000 0.541261 0.265720 0.000000 0.000000 0.344981 0.000000 0.000000 0.000000 0.000000 0.000000 0.000000 0.000000 0.596490 0.000000 0.846103 0.486099 0.426720 0.000000 0.000000 0.000000 0.000000 0.000000 0.000000 0.000000 0.000000 0.664262 0.383366 0.000000 0.000000 
0.334092 0.411900 0.000000 0.000000 0.000000 0.245105 0.326179 0.236956 0.000000 0.000000 0.184944 0.222079 0.330184 0.220131 0.328026 0.324152 0.000000 0.000000 0.000000 0.187314 0.856609 0.764464 0.421921 0.200906 0.722380 0.000000 0.207078 0.286922 0.000000 0.194126 0.532917 0.000000 0.269008 0.000000 0.357784 0.189666 0.185376 0.289189 0.233331 0.000000 
0.559306 0.000000 0.000000 0.297587 0.245105 0.000000 0.000000 0.649116 0.707968 0.501891 0.000000 0.493872 0.742318 0.000000 0.000000 0.629330 0.337287 0.000000 0.000000 0.540425 0.224136 0.320197 0.000000 0.352894 0.205025 0.351318 0.610437 0.507433 0.000000 0.000000 0.408736 0.000000 0.270978 0.000000 0.000000 0.494519 0.368315 0.641246 0.000000 0.000000 
0.000000 0.444253 0.000000 0.000000 0.326179 0.000000 0.000000 0.000000 0.000000 0.000000 0.460326 0.000000 0.000000 0.000000 0.243584 0.000000 0.000000 0.000000 0.000000 0.000000 0.353431 0.249761 0.561639 0.000000 0.360427 0.000000 0.000000 0.000000 0.000000 0.000000 0.000000 0.000000 0.000000 0.000000 0.699703 0.000000 0.000000 0.000000 0.000000 0.000000 
0.695218 0.000000 0.000000 0.441045 0.236956 0.649116 0.000000 0.000000 0.563241 0.734011 0.000000 0.760410 0.601540 0.000000 0.000000 0.730830 0.231998 0.000000 0.000000 0.352381 0.225745 0.307637 0.000000 0.541954 0.185121 0.520986 0.873305 0.720102 0.000000 0.000000 0.337230 0.000000 0.187687 0.000000 0.000000 0.321229 0.567255 0.819044 0.000000 0.000000 
0.425175 0.000000 0.000000 0.310511 0.000000 0.707968 0.000000 0.563241 0.000000 0.499174 0.000000 0.440871 0.525543 0.000000 0.000000 0.472758 0.404366 0.000000 0.000000 0.537358 0.000000 0.226697 0.000000 0.316068 0.000000 0.361510 0.577875 0.409525 0.000000 0.000000 0.293380 0.000000 0.219333 0.000000 0.000000 0.479061 0.341742 0.502392 0.000000 0.000000 
0.542737 0.000000 0.000000 0.592516 0.000000 0.501891 0.000000 0.734011 0.499174 0.000000 0.000000 0.785304 0.442367 0.000000 0.000000 0.548793 0.202522 0.000000 0.000000 0.282613 0.000000 0.233565 0.000000 0.611494 0.000000 0.699880 0.820147 0.617706 0.000000 0.000000 0.248266 0.000000 0.000000 0.000000 0.000000 0.254791 0.676391 0.615989 0.000000 0.000000 
0.000000 0.388568 0.000000 0.000000 0.184944 0.000000 0.460326 0.000000 0.000000 0.000000 0.000000 0.000000 0.000000 0.000000 0.243327 0.000000 0.000000 0.000000 0.000000 0.000000 0.189928 0.000000 0.430472 0.000000 0.231896 0.000000 0.000000 0.000000 0.000000 0.000000 0.000000 0.000000 0.000000 0.000000 0.514119 0.000000 0.000000 0.000000 0.000000 0.243197 
0.654961 0.000000 0.000000 0.541261 0.222079 0.493872 0.000000 0.760410 0.440871 0.785304 0.000000 0.000000 0.477925 0.000000 0.000000 0.636295 0.000000 0.000000 0.000000 0.267978 0.217414 0.283337 0.000000 0.711716 0.000000 0.631985 0.760753 0.773054 0.000000 0.000000 0.284915 0.000000 0.000000 0.000000 0.000000 0.244302 0.742730 0.702719 0.000000 0.000000 
0.644792 0.000000 0.000000 0.265720 0.330184 0.742318 0.000000 0.601540 0.525543 0.442367 0.000000 0.477925 0.000000 0.000000 0.000000 0.718511 0.273722 0.000000 0.000000 0.473125 0.301437 0.431275 0.000000 0.354516 0.274661 0.313690 0.535744 0.546258 0.000000 0.000000 0.538431 0.000000 0.309730 0.000000 0.000000 0.448455 0.356720 0.675953 0.195973 0.000000 
0.000000 0.350629 0.000000 0.000000 0.220131 0.000000 0.000000 0.000000 0.000000 0.000000 0.000000 0.000000 0.000000 0.000000 0.632053 0.000000 0.000000 0.000000 0.000000 0.000000 0.193815 0.206705 0.276859 0.000000 0.293827 0.000000 0.000000 0.000000 0.000000 0.730540 0.250295 0.541149 0.406710 0.000000 0.221077 0.000000 0.000000 0.000000 0.663109 0.000000 
0.000000 0.548118 0.000000 0.000000 0.328026 0.000000 0.243584 0.000000 0.000000 0.000000 0.243327 0.000000 0.000000 0.632053 0.000000 0.000000 0.000000 0.000000 0.000000 0.000000 0.293255 0.293087 0.433584 0.000000 0.447656 0.000000 0.000000 0.000000 0.000000 0.490836 0.319124 0.357230 0.378740 0.000000 0.342316 0.000000 0.000000 0.000000 0.515728 0.000000 
0.887282 0.000000 0.000000 0.344981 0.324152 0.629330 0.000000 0.730830 0.472758 0.548793 0.000000 0.636295 0.718511 0.000000 0.000000 0.000000 0.212586 0.000000 0.000000 0.352601 0.307781 0.420923 0.000000 0.488117 0.252798 0.404588 0.638392 0.759017 0.000000 0.000000 0.447044 0.000000 0.228066 0.000000 0.000000 0.329336 0.483374 0.890167 0.000000 0.000000 
0.188769 0.000000 0.000000 0.000000 0.000000 0.337287 0.000000 0.231998 0.404366 0.202522 0.000000 0.000000 0.273722 0.000000 0.000000 0.212586 0.000000 0.000000 0.000000 0.556877 0.000000 0.000000 0.000000 0.000000 0.000000 0.000000 0.233975 0.000000 0.000000 0.000000 0.195127 0.000000 0.243190 0.000000 0.000000 0.545793 0.000000 0.217129 0.000000 0.000000 
0.000000 0.000000 0.907087 0.000000 0.000000 0.000000 0.000000 0.000000 0.000000 0.000000 0.000000 0.000000 0.000000 0.000000 0.000000 0.000000 0.000000 0.000000 0.479382 0.000000 0.000000 0.000000 0.000000 0.000000 0.000000 0.000000 0.000000 0.000000 0.756891 0.000000 0.000000 0.000000 0.000000 0.677869 0.000000 0.000000 0.000000 0.000000 0.000000 0.414379 
0.000000 0.000000 0.528164 0.000000 0.000000 0.000000 0.000000 0.000000 0.000000 0.000000 0.000000 0.000000 0.000000 0.000000 0.000000 0.000000 0.000000 0.479382 0.000000 0.000000 0.000000 0.000000 0.000000 0.000000 0.000000 0.000000 0.000000 0.000000 0.489156 0.000000 0.000000 0.000000 0.000000 0.401194 0.000000 0.000000 0.000000 0.000000 0.000000 0.395782 
0.313075 0.000000 0.000000 0.000000 0.187314 0.540425 0.000000 0.352381 0.537358 0.282613 0.000000 0.267978 0.473125 0.000000 0.000000 0.352601 0.556877 0.000000 0.000000 0.000000 0.000000 0.237358 0.000000 0.191054 0.000000 0.199863 0.339154 0.276292 0.000000 0.000000 0.349206 0.000000 0.369079 0.000000 0.000000 0.889741 0.200806 0.349823 0.221823 0.000000 
0.321964 0.394740 0.000000 0.000000 0.856609 0.224136 0.353431 0.225745 0.000000 0.000000 0.189928 0.217414 0.301437 0.193815 0.293255 0.307781 0.000000 0.000000 0.000000 0.000000 0.000000 0.692849 0.420890 0.203234 0.655024 0.000000 0.197664 0.281233 0.000000 0.000000 0.464211 0.000000 0.230435 0.000000 0.369410 0.000000 0.185828 0.275567 0.201663 0.000000 
0.429797 0.329872 0.000000 0.000000 0.764464 0.320197 0.249761 0.307637 0.226697 0.233565 0.000000 0.283337 0.431275 0.206705 0.293087 0.420923 0.000000 0.000000 0.000000 0.237358 0.692849 0.000000 0.328063 0.248478 0.592942 0.000000 0.268714 0.364794 0.000000 0.191544 0.652002 0.000000 0.297540 0.000000 0.274677 0.237897 0.231733 0.375079 0.235304 0.000000 
0.000000 0.789589 0.000000 0.000000 0.421921 0.000000 0.561639 0.000000 0.000000 0.000000 0.430472 0.000000 0.000000 0.276859 0.433584 0.000000 0.000000 0.000000 0.000000 0.000000 0.420890 0.328063 0.000000 0.000000 0.538700 0.000000 0.000000 0.000000 0.000000 0.212988 0.266286 0.000000 0.197282 0.000000 0.774033 0.000000 0.000000 0.000000 0.230184 0.000000 
0.526477 0.000000 0.000000 0.596490 0.200906 0.352894 0.000000 0.541954 0.316068 0.611494 0.000000 0.711716 0.354516 0.000000 0.000000 0.488117 0.000000 0.000000 0.000000 0.191054 0.203234 0.248478 0.000000 0.000000 0.000000 0.646881 0.546898 0.639391 0.000000 0.000000 0.228000 0.000000 0.000000 0.000000 0.000000 0.000000 0.879338 0.523789 0.000000 0.000000 
0.255684 0.556181 0.000000 0.000000 0.722380 0.205025 0.360427 0.185121 0.000000 0.000000 0.231896 0.000000 0.274661 0.293827 0.447656 0.252798 0.000000 0.000000 0.000000 0.000000 0.655024 0.592942 0.538700 0.000000 0.000000 0.000000 0.000000 0.216330 0.000000 0.250321 0.490888 0.187189 0.304855 0.000000 0.434821 0.000000 0.000000 0.225049 0.293815 0.000000 
0.413980 0.000000 0.000000 0.846103 0.000000 0.351318 0.000000 0.520986 0.361510 0.699880 0.000000 0.631985 0.313690 0.000000 0.000000 0.404588 0.000000 0.000000 0.000000 0.199863 0.000000 0.000000 0.000000 0.646881 0.000000 0.000000 0.574351 0.493473 0.000000 0.000000 0.000000 0.000000 0.000000 0.000000 0.000000 0.000000 0.733048 0.450648 0.000000 0.000000 
0.611802 0.000000 0.000000 0.486099 0.207078 0.610437 0.000000 0.873305 0.577875 0.820147 0.000000 0.760753 0.535744 0.000000 0.000000 0.638392 0.233975 0.000000 0.000000 0.339154 0.197664 0.268714 0.000000 0.546898 0.000000 0.574351 0.000000 0.656336 0.000000 0.000000 0.296246 0.000000 0.000000 0.000000 0.000000 0.306819 0.587740 0.716064 0.000000 0.000000 
0.822551 0.000000 0.000000 0.426720 0.286922 0.507433 0.000000 0.720102 0.409525 0.617706 0.000000 0.773054 0.546258 0.000000 0.000000 0.759017 0.000000 0.000000 0.000000 0.276292 0.281233 0.364794 0.000000 0.639391 0.216330 0.493473 0.656336 0.000000 0.000000 0.000000 0.353827 0.000000 0.000000 0.000000 0.000000 0.255719 0.621359 0.789803 0.000000 0.000000 
0.000000 0.000000 0.771135 0.000000 0.000000 0.000000 0.000000 0.000000 0.000000 0.000000 0.000000 0.000000 0.000000 0.000000 0.000000 0.000000 0.000000 0.756891 0.489156 0.000000 0.000000 0.000000 0.000000 0.000000 0.000000 0.000000 0.000000 0.000000 0.000000 0.000000 0.000000 0.000000 0.000000 0.513080 0.000000 0.000000 0.000000 0.000000 0.000000 0.546427 
0.000000 0.269059 0.000000 0.000000 0.194126 0.000000 0.000000 0.000000 0.000000 0.000000 0.000000 0.000000 0.000000 0.730540 0.490836 0.000000 0.000000 0.000000 0.000000 0.000000 0.000000 0.191544 0.212988 0.000000 0.250321 0.000000 0.000000 0.000000 0.000000 0.000000 0.250026 0.727781 0.481397 0.000000 0.000000 0.200346 0.000000 0.000000 0.792642 0.000000 
0.429646 0.288949 0.000000 0.000000 0.532917 0.408736 0.000000 0.337230 0.293380 0.248266 0.000000 0.284915 0.538431 0.250295 0.319124 0.447044 0.195127 0.000000 0.000000 0.349206 0.464211 0.652002 0.266286 0.228000 0.490888 0.000000 0.296246 0.353827 0.000000 0.250026 0.000000 0.204874 0.436202 0.000000 0.213452 0.355549 0.219941 0.400716 0.313168 0.000000 
0.000000 0.195832 0.000000 0.000000 0.000000 0.000000 0.000000 0.000000 0.000000 0.000000 0.000000 0.000000 0.000000 0.541149 0.357230 0.000000 0.000000 0.000000 0.000000 0.000000 0.000000 0.000000 0.000000 0.000000 0.187189 0.000000 0.000000 0.000000 0.000000 0.727781 0.204874 0.000000 0.440413 0.000000 0.000000 0.200359 0.000000 0.000000 0.634186 0.000000 
0.210270 0.238325 0.000000 0.000000 0.269008 0.270978 0.000000 0.187687 0.219333 0.000000 0.000000 0.000000 0.309730 0.406710 0.378740 0.228066 0.243190 0.000000 0.000000 0.369079 0.230435 0.297540 0.197282 0.000000 0.304855 0.000000 0.000000 0.000000 0.000000 0.481397 0.436202 0.440413 0.000000 0.000000 0.000000 0.407459 0.000000 0.210166 0.599259 0.000000 
0.000000 0.000000 0.648859 0.000000 0.000000 0.000000 0.000000 0.000000 0.000000 0.000000 0.000000 0.000000 0.000000 0.000000 0.000000 0.000000 0.000000 0.677869 0.401194 0.000000 0.000000 0.000000 0.000000 0.000000 0.000000 0.000000 0.000000 0.000000 0.513080 0.000000 0.000000 0.000000 0.000000 0.000000 0.000000 0.000000 0.000000 0.000000 0.000000 0.281348 
0.000000 0.622847 0.000000 0.000000 0.357784 0.000000 0.699703 0.000000 0.000000 0.000000 0.514119 0.000000 0.000000 0.221077 0.342316 0.000000 0.000000 0.000000 0.000000 0.000000 0.369410 0.274677 0.774033 0.000000 0.434821 0.000000 0.000000 0.000000 0.000000 0.000000 0.213452 0.000000 0.000000 0.000000 0.000000 0.000000 0.000000 0.000000 0.000000 0.000000 
0.292859 0.000000 0.000000 0.000000 0.189666 0.494519 0.000000 0.321229 0.479061 0.254791 0.000000 0.244302 0.448455 0.000000 0.000000 0.329336 0.545793 0.000000 0.000000 0.889741 0.000000 0.237897 0.000000 0.000000 0.000000 0.000000 0.306819 0.255719 0.000000 0.200346 0.355549 0.200359 0.407459 0.000000 0.000000 0.000000 0.182513 0.323579 0.245728 0.000000 
0.511886 0.000000 0.000000 0.664262 0.185376 0.368315 0.000000 0.567255 0.341742 0.676391 0.000000 0.742730 0.356720 0.000000 0.000000 0.483374 0.000000 0.000000 0.000000 0.200806 0.185828 0.231733 0.000000 0.879338 0.000000 0.733048 0.587740 0.621359 0.000000 0.000000 0.219941 0.000000 0.000000 0.000000 0.000000 0.182513 0.000000 0.527128 0.000000 0.000000 
0.839348 0.000000 0.000000 0.383366 0.289189 0.641246 0.000000 0.819044 0.502392 0.615989 0.000000 0.702719 0.675953 0.000000 0.000000 0.890167 0.217129 0.000000 0.000000 0.349823 0.275567 0.375079 0.000000 0.523789 0.225049 0.450648 0.716064 0.789803 0.000000 0.000000 0.400716 0.000000 0.210166 0.000000 0.000000 0.323579 0.527128 0.000000 0.000000 0.000000 
0.000000 0.288341 0.000000 0.000000 0.233331 0.000000 0.000000 0.000000 0.000000 0.000000 0.000000 0.000000 0.195973 0.663109 0.515728 0.000000 0.000000 0.000000 0.000000 0.221823 0.201663 0.235304 0.230184 0.000000 0.293815 0.000000 0.000000 0.000000 0.000000 0.792642 0.313168 0.634186 0.599259 0.000000 0.000000 0.245728 0.000000 0.000000 0.000000 0.000000 
0.000000 0.000000 0.430954 0.000000 0.000000 0.000000 0.000000 0.000000 0.000000 0.000000 0.243197 0.000000 0.000000 0.000000 0.000000 0.000000 0.000000 0.414379 0.395782 0.000000 0.000000 0.000000 0.000000 0.000000 0.000000 0.000000 0.000000 0.000000 0.546427 0.000000 0.000000 0.000000 0.000000 0.281348 0.000000 0.000000 0.000000 0.000000 0.000000 0.000000 
