40 
0.000000 0.142263 0.009455 0.355539 0.334092 0.559306 0.114734 0.695218 0.425175 0.542737 0.061830 0.654961 0.644792 0.107689 0.139000 0.887282 0.188769 0.009530 0.007944 0.313075 0.321964 0.429797 0.141296 0.526477 0.255684 0.413980 0.611802 0.822551 0.012244 0.109987 0.429646 0.093450 0.210270 0.006671 0.119911 0.292859 0.511886 0.839348 0.138523 0.019814 
0.142263 0.000000 0.066357 0.051551 0.411900 0.118222 0.444253 0.103495 0.084796 0.077632 0.388568 0.093528 0.157062 0.350629 0.548118 0.141099 0.064201 0.066684 0.054971 0.110304 0.394740 0.329872 0.789589 0.082879 0.556181 0.059383 0.090411 0.120336 0.085973 0.269059 0.288949 0.195832 0.238325 0.046368 0.622847 0.116546 0.076755 0.125602 0.288341 0.138216 
0.009455 0.066357 0.000000 0.003466 0.027944 0.008069 0.065050 0.006871 0.005874 0.005152 0.140186 0.006231 0.010593 0.052619 0.056378 0.009363 0.005396 0.907087 0.528164 0.008514 0.027846 0.021985 0.066019 0.005660 0.036970 0.003971 0.006004 0.008036 0.771135 0.039954 0.019662 0.032899 0.022177 0.648859 0.073779 0.009244 0.005191 0.008335 0.034923 0.430954 
0.355539 0.051551 0.003466 0.000000 0.123987 0.297587 0.046606 0.441045 0.310511 0.592516 0.023554 0.541261 0.265720 0.039155 0.049502 0.344981 0.130138 0.003510 0.002848 0.170373 0.123696 0.156148 0.052459 0.596490 0.092599 0.846103 0.486099 0.426720 0.004481 0.041285 0.154280 0.036497 0.082819 0.002479 0.045794 0.152984 0.664262 0.383366 0.052085 0.007133 
0.334092 0.411900 0.027944 0.123987 0.000000 0.245105 0.326179 0.236956 0.173527 0.181329 0.184944 0.222079 0.330184 0.220131 0.328026 0.324152 0.104411 0.028267 0.022655 0.187314 0.856609 0.764464 0.421921 0.200906 0.722380 0.142024 0.207078 0.286922 0.036135 0.194126 0.532917 0.147976 0.269008 0.019877 0.357784 0.189666 0.185376 0.289189 0.233331 0.057041 
0.559306 0.118222 0.008069 0.297587 0.245105 0.000000 0.079976 0.649116 0.707968 0.501891 0.047554 0.493872 0.742318 0.119051 0.136938 0.629330 0.337287 0.008040 0.007297 0.540425 0.224136 0.320197 0.110457 0.352894 0.205025 0.351318 0.610437 0.507433 0.010463 0.131828 0.408736 0.120369 0.270978 0.005543 0.089898 0.494519 0.368315 0.641246 0.165844 0.017702 
0.114734 0.444253 0.065050 0.046606 0.326179 0.079976 0.000000 0.080105 0.056621 0.063061 0.460326 0.078926 0.107729 0.156042 0.243584 0.108965 0.035617 0.067267 0.045790 0.063356 0.353431 0.249761 0.561639 0.077883 0.360427 0.052140 0.070244 0.101844 0.082670 0.119625 0.180806 0.087087 0.115706 0.049330 0.699703 0.065235 0.070118 0.097721 0.129771 0.113246 
0.695218 0.103495 0.006871 0.441045 0.236956 0.649116 0.080105 0.000000 0.563241 0.734011 0.043866 0.760410 0.601540 0.087736 0.107682 0.730830 0.231998 0.006902 0.005916 0.352381 0.225745 0.307637 0.100995 0.541954 0.185121 0.520986 0.873305 0.720102 0.008906 0.093475 0.337230 0.082681 0.187687 0.004808 0.084784 0.321229 0.567255 0.819044 0.117917 0.014636 
0.425175 0.084796 0.005874 0.310511 0.173527 0.707968 0.056621 0.563241 0.000000 0.499174 0.033870 0.440871 0.525543 0.092259 0.101791 0.472758 0.404366 0.005837 0.005417 0.537358 0.158834 0.226697 0.078633 0.316068 0.145868 0.361510 0.577875 0.409525 0.007615 0.105594 0.293380 0.100344 0.219333 0.004014 0.063799 0.479061 0.341742 0.502392 0.131965 0.013006 
0.542737 0.077632 0.005152 0.592516 0.181329 0.501891 0.063061 0.734011 0.499174 0.000000 0.033570 0.785304 0.442367 0.064416 0.079231 0.548793 0.202522 0.005186 0.004386 0.282613 0.175491 0.233565 0.076705 0.611494 0.139339 0.699880 0.820147 0.617706 0.006675 0.068887 0.248266 0.061400 0.139195 0.003625 0.065145 0.254791 0.676391 0.615989 0.086884 0.010886 
0.061830 0.388568 0.140186 0.023554 0.184944 0.047554 0.460326 0.043866 0.033870 0.033570 0.000000 0.041354 0.063699 0.173000 0.243327 0.060021 0.024967 0.144228 0.099275 0.042886 0.189928 0.142527 0.430472 0.038969 0.231896 0.026707 0.038324 0.053492 0.178891 0.126904 0.115005 0.093703 0.095254 0.104077 0.514119 0.045287 0.035432 0.053515 0.126368 0.243197 
0.654961 0.093528 0.006231 0.541261 0.222079 0.493872 0.078926 0.760410 0.440871 0.785304 0.041354 0.000000 0.477925 0.072009 0.091448 0.636295 0.179087 0.006290 0.005206 0.267978 0.217414 0.283337 0.093704 0.711716 0.168159 0.631985 0.760753 0.773054 0.008066 0.075057 0.284915 0.065257 0.148081 0.004415 0.080389 0.244302 0.742730 0.702719 0.094675 0.012995 
0.644792 0.157062 0.010593 0.265720 0.330184 0.742318 0.107729 0.601540 0.525543 0.442367 0.063699 0.477925 0.000000 0.145416 0.174721 0.718511 0.273722 0.010581 0.009405 0.473125 0.301437 0.431275 0.147971 0.354516 0.274661 0.313690 0.535744 0.546258 0.013737 0.155344 0.538431 0.136441 0.309730 0.007315 0.120836 0.448455 0.356720 0.675953 0.195973 0.023016 
0.107689 0.350629 0.052619 0.039155 0.220131 0.119051 0.156042 0.087736 0.092259 0.064416 0.173000 0.072009 0.145416 0.000000 0.632053 0.113154 0.101035 0.051073 0.054891 0.150278 0.193815 0.206705 0.276859 0.057073 0.293827 0.046083 0.077906 0.088627 0.067459 0.730540 0.250295 0.541149 0.406710 0.034626 0.221077 0.165718 0.055136 0.102123 0.663109 0.121782 
0.139000 0.548118 0.056378 0.049502 0.328026 0.136938 0.243584 0.107682 0.101791 0.079231 0.243327 0.091448 0.174721 0.632053 0.000000 0.143004 0.093296 0.055531 0.053194 0.150877 0.293255 0.293087 0.433584 0.075315 0.447656 0.057900 0.094720 0.115017 0.072938 0.490836 0.319124 0.357230 0.378740 0.037860 0.342316 0.163288 0.071573 0.127975 0.515728 0.127069 
0.887282 0.141099 0.009363 0.344981 0.324152 0.629330 0.108965 0.730830 0.472758 0.548793 0.060021 0.636295 0.718511 0.113154 0.143004 0.000000 0.212586 0.009413 0.007990 0.352601 0.307781 0.420923 0.138156 0.488117 0.252798 0.404588 0.638392 0.759017 0.012132 0.117316 0.447044 0.100865 0.228066 0.006565 0.115977 0.329336 0.483374 0.890167 0.147916 0.019836 
0.188769 0.064201 0.005396 0.130138 0.104411 0.337287 0.035617 0.231998 0.404366 0.202522 0.024967 0.179087 0.273722 0.101035 0.093296 0.212586 0.000000 0.005273 0.005562 0.556877 0.091890 0.132186 0.055684 0.127982 0.098572 0.149616 0.233975 0.172764 0.006952 0.127808 0.195127 0.138136 0.243190 0.003582 0.043668 0.545793 0.138201 0.217129 0.152115 0.012411 
0.009530 0.066684 0.907087 0.003510 0.028267 0.008040 0.067267 0.006902 0.005837 0.005186 0.144228 0.006290 0.010581 0.051073 0.055531 0.009413 0.005273 0.000000 0.479382 0.008379 0.028286 0.022170 0.066909 0.005749 0.037218 0.004015 0.006029 0.008117 0.756891 0.038611 0.019623 0.031580 0.021684 0.677869 0.075395 0.009082 0.005263 0.008380 0.033931 0.414379 
0.007944 0.054971 0.528164 0.002848 0.022655 0.007297 0.045790 0.005916 0.005417 0.004386 0.099275 0.005206 0.009405 0.054891 0.053194 0.007990 0.005562 0.479382 0.000000 0.008342 0.022018 0.018226 0.052024 0.004556 0.030707 0.003294 0.005181 0.006668 0.489156 0.043261 0.017411 0.037519 0.022408 0.401194 0.055291 0.009153 0.004226 0.007120 0.036541 0.395782 
0.313075 0.110304 0.008514 0.170373 0.187314 0.540425 0.063356 0.352381 0.537358 0.282613 0.042886 0.267978 0.473125 0.150278 0.150877 0.352601 0.556877 0.008379 0.008342 0.000000 0.165001 0.237358 0.097170 0.191054 0.174560 0.199863 0.339154 0.276292 0.011009 0.180197 0.349206 0.178878 0.369079 0.005713 0.076629 0.889741 0.200806 0.349823 0.221823 0.019333 
0.321964 0.394740 0.027846 0.123696 0.856609 0.224136 0.353431 0.225745 0.158834 0.175491 0.189928 0.217414 0.301437 0.193815 0.293255 0.307781 0.091890 0.028286 0.022018 0.165001 0.000000 0.692849 0.420890 0.203234 0.655024 0.140585 0.197664 0.281233 0.035937 0.168661 0.464211 0.127910 0.230435 0.020033 0.369410 0.166128 0.185828 0.275567 0.201663 0.055590 
0.429797 0.329872 0.021985 0.156148 0.764464 0.320197 0.249761 0.307637 0.226697 0.233565 0.142527 0.283337 0.431275 0.206705 0.293087 0.420923 0.132186 0.022170 0.018226 0.237358 0.692849 0.000000 0.328063 0.248478 0.592942 0.180019 0.268714 0.364794 0.028462 0.191544 0.652002 0.150172 0.297540 0.015519 0.274677 0.237897 0.231733 0.375079 0.235304 0.045680 
0.141296 0.789589 0.066019 0.052459 0.421921 0.110457 0.561639 0.100995 0.078633 0.076705 0.430472 0.093704 0.147971 0.276859 0.433584 0.138156 0.055684 0.066909 0.052024 0.097170 0.420890 0.328063 0.000000 0.085690 0.538700 0.059964 0.088206 0.121060 0.085275 0.212988 0.266286 0.155059 0.197282 0.047111 0.774033 0.101726 0.078625 0.123074 0.230184 0.131443 
0.526477 0.082879 0.005660 0.596490 0.200906 0.352894 0.077883 0.541954 0.316068 0.611494 0.038969 0.711716 0.354516 0.057073 0.075315 0.488117 0.127982 0.005749 0.004556 0.191054 0.203234 0.248478 0.085690 0.000000 0.148108 0.646881 0.546898 0.639391 0.007308 0.057913 0.228000 0.049317 0.111354 0.004079 0.075658 0.174526 0.879338 0.523789 0.072931 0.011462 
0.255684 0.556181 0.036970 0.092599 0.722380 0.205025 0.360427 0.185121 0.145868 0.139339 0.231896 0.168159 0.274661 0.293827 0.447656 0.252798 0.098572 0.037218 0.030707 0.174560 0.655024 0.592942 0.538700 0.148108 0.000000 0.106753 0.161676 0.216330 0.047882 0.250321 0.490888 0.187189 0.304855 0.025969 0.434821 0.180601 0.137621 0.225049 0.293815 0.077027 
0.413980 0.059383 0.003971 0.846103 0.142024 0.351318 0.052140 0.520986 0.361510 0.699880 0.026707 0.631985 0.313690 0.046083 0.057900 0.404588 0.149616 0.004015 0.003294 0.199863 0.140585 0.180019 0.059964 0.646881 0.106753 0.000000 0.574351 0.493473 0.005137 0.048730 0.180873 0.043131 0.097867 0.002827 0.051946 0.179693 0.733048 0.450648 0.061476 0.008233 
0.611802 0.090411 0.006004 0.486099 0.207078 0.610437 0.070244 0.873305 0.577875 0.820147 0.038324 0.760753 0.535744 0.077906 0.094720 0.638392 0.233975 0.006029 0.005181 0.339154 0.197664 0.268714 0.088206 0.546898 0.161676 0.574351 0.000000 0.656336 0.007781 0.083754 0.296246 0.074841 0.169609 0.004199 0.074102 0.306819 0.587740 0.716064 0.105615 0.012805 
0.822551 0.120336 0.008036 0.426720 0.286922 0.507433 0.101844 0.720102 0.409525 0.617706 0.053492 0.773054 0.546258 0.088627 0.115017 0.759017 0.172764 0.008117 0.006668 0.276292 0.281233 0.364794 0.121060 0.639391 0.216330 0.493473 0.656336 0.000000 0.010399 0.090503 0.353827 0.077101 0.173871 0.005703 0.103988 0.255719 0.621359 0.789803 0.114003 0.016680 
0.012244 0.085973 0.771135 0.004481 0.036135 0.010463 0.082670 0.008906 0.007615 0.006675 0.178891 0.008066 0.013737 0.067459 0.072938 0.012132 0.006952 0.756891 0.489156 0.011009 0.035937 0.028462 0.085275 0.007308 0.047882 0.005137 0.007781 0.010399 0.000000 0.051012 0.025497 0.041685 0.028583 0.513080 0.094805 0.011945 0.006708 0.010800 0.044809 0.546427 
0.109987 0.269059 0.039954 0.041285 0.194126 0.131828 0.119625 0.093475 0.105594 0.068887 0.126904 0.075057 0.155344 0.730540 0.490836 0.117316 0.127808 0.038611 0.043261 0.180197 0.168661 0.191544 0.212988 0.057913 0.250321 0.048730 0.083754 0.090503 0.051012 0.000000 0.250026 0.727781 0.481397 0.026174 0.168078 0.200346 0.056719 0.106808 0.792642 0.092694 
0.429646 0.288949 0.019662 0.154280 0.532917 0.408736 0.180806 0.337230 0.293380 0.248266 0.115005 0.284915 0.538431 0.250295 0.319124 0.447044 0.195127 0.019623 0.017411 0.349206 0.464211 0.652002 0.266286 0.228000 0.490888 0.180873 0.296246 0.353827 0.025497 0.250026 0.000000 0.204874 0.436202 0.013549 0.213452 0.355549 0.219941 0.400716 0.313168 0.042724 
0.093450 0.195832 0.032899 0.036497 0.147976 0.120369 0.087087 0.082681 0.100344 0.061400 0.093703 0.065257 0.136441 0.541149 0.357230 0.100865 0.138136 0.031580 0.037519 0.178878 0.127910 0.150172 0.155059 0.049317 0.187189 0.043131 0.074841 0.077101 0.041685 0.727781 0.204874 0.000000 0.440413 0.021437 0.122326 0.200359 0.048888 0.092687 0.634186 0.076193 
0.210270 0.238325 0.022177 0.082819 0.269008 0.270978 0.115706 0.187687 0.219333 0.139195 0.095254 0.148081 0.309730 0.406710 0.378740 0.228066 0.243190 0.021684 0.022408 0.369079 0.230435 0.297540 0.197282 0.111354 0.304855 0.097867 0.169609 0.173871 0.028583 0.481397 0.436202 0.440413 0.000000 0.014730 0.152732 0.407459 0.110799 0.210166 0.599259 0.050910 
0.006671 0.046368 0.648859 0.002479 0.019877 0.005543 0.049330 0.004808 0.004014 0.003625 0.104077 0.004415 0.007315 0.034626 0.037860 0.006565 0.003582 0.677869 0.401194 0.005713 0.020033 0.015519 0.047111 0.004079 0.025969 0.002827 0.004199 0.005703 0.513080 0.026174 0.013549 0.021437 0.014730 0.000000 0.053854 0.006186 0.003723 0.005845 0.023007 0.281348 
0.119911 0.622847 0.073779 0.045794 0.357784 0.089898 0.699703 0.084784 0.063799 0.065145 0.514119 0.080389 0.120836 0.221077 0.342316 0.115977 0.043668 0.075395 0.055291 0.076629 0.369410 0.274677 0.774033 0.075658 0.434821 0.051946 0.074102 0.103988 0.094805 0.168078 0.213452 0.122326 0.152732 0.053854 0.000000 0.079898 0.068872 0.103484 0.179651 0.139111 
0.292859 0.116546 0.009244 0.152984 0.189666 0.494519 0.065235 0.321229 0.479061 0.254791 0.045287 0.244302 0.448455 0.165718 0.163288 0.329336 0.545793 0.009082 0.009153 0.889741 0.166128 0.237897 0.101726 0.174526 0.180601 0.179693 0.306819 0.255719 0.011945 0.200346 0.355549 0.200359 0.407459 0.006186 0.079898 0.000000 0.182513 0.323579 0.245728 0.021064 
0.511886 0.076755 0.005191 0.664262 0.185376 0.368315 0.070118 0.567255 0.341742 0.676391 0.035432 0.742730 0.356720 0.055136 0.071573 0.483374 0.138201 0.005263 0.004226 0.200806 0.185828 0.231733 0.078625 0.879338 0.137621 0.733048 0.587740 0.621359 0.006708 0.056719 0.219941 0.048888 0.110799 0.003723 0.068872 0.182513 0.000000 0.527128 0.071505 0.010609 
0.839348 0.125602 0.008335 0.383366 0.289189 0.641246 0.097721 0.819044 0.502392 0.615989 0.053515 0.702719 0.675953 0.102123 0.127975 0.890167 0.217129 0.008380 0.007120 0.349823 0.275567 0.375079 0.123074 0.523789 0.225049 0.450648 0.716064 0.789803 0.010800 0.106808 0.400716 0.092687 0.210166 0.005845 0.103484 0.323579 0.527128 0.000000 0.134725 0.017667 
0.138523 0.288341 0.034923 0.052085 0.233331 0.165844 0.129771 0.117917 0.131965 0.086884 0.126368 0.094675 0.195973 0.663109 0.515728 0.147916 0.152115 0.033931 0.036541 0.221823 0.201663 0.235304 0.230184 0.072931 0.293815 0.061476 0.105615 0.114003 0.044809 0.792642 0.313168 0.634186 0.599259 0.023007 0.179651 0.245728 0.071505 0.134725 0.000000 0.080782 
0.019814 0.138216 0.430954 0.007133 0.057041 0.017702 0.113246 0.014636 0.013006 0.010886 0.243197 0.012995 0.023016 0.121782 0.127069 0.019836 0.012411 0.414379 0.395782 0.019333 0.055590 0.045680 0.131443 0.011462 0.077027 0.008233 0.012805 0.016680 0.546427 0.092694 0.042724 0.076193 0.050910 0.281348 0.139111 0.021064 0.010609 0.017667 0.080782 0.000000 
