45 
0.000000 0.158482 0.229842 0.092231 0.184108 0.167874 0.192791 0.331047 0.268453 0.009953 0.173419 0.341082 0.172121 0.360939 0.005089 0.072349 0.887419 0.193721 0.341698 0.214474 0.017700 0.516015 0.433936 0.181004 0.033653 0.066042 0.247963 0.192060 0.220117 0.160431 0.288433 0.244093 0.317826 0.678796 0.781860 0.006024 0.205604 0.849219 0.671701 0.238222 0.009276 0.166575 0.332300 0.066480 0.403310 
0.158482 0.000000 0.687184 0.412819 0.196116 0.648853 0.134547 0.190623 0.273363 0.033360 0.162076 0.456308 0.122158 0.222990 0.018354 0.361270 0.159588 0.178961 0.267734 0.194567 0.052109 0.243410 0.280270 0.278118 0.052735 0.136949 0.157543 0.621564 0.293760 0.367899 0.439591 0.231777 0.495723 0.112243 0.160104 0.020388 0.199175 0.182670 0.181080 0.169528 0.021515 0.948637 0.301458 0.184802 0.225569 
0.229842 0.687184 0.000000 0.319983 0.240857 0.586049 0.173244 0.260928 0.356655 0.026283 0.184591 0.645792 0.143935 0.289578 0.014138 0.266849 0.230375 0.224275 0.366939 0.227808 0.042632 0.338198 0.380994 0.299327 0.050181 0.126326 0.208627 0.680051 0.363350 0.365003 0.597508 0.275583 0.707615 0.161752 0.229496 0.015949 0.250146 0.265468 0.262982 0.221849 0.018373 0.720018 0.412243 0.159727 0.316295 
0.092231 0.412819 0.319983 0.000000 0.081106 0.531295 0.056305 0.083542 0.115473 0.080705 0.205745 0.258518 0.148725 0.190246 0.043998 0.769610 0.096655 0.074277 0.117438 0.222742 0.125608 0.167455 0.200781 0.351744 0.108090 0.281567 0.067003 0.256726 0.121838 0.489899 0.191553 0.245137 0.268058 0.070360 0.101407 0.049218 0.082743 0.102650 0.093200 0.071574 0.050827 0.408956 0.131911 0.413328 0.102160 
0.184108 0.196116 0.240857 0.081106 0.000000 0.141913 0.640608 0.539563 0.633024 0.006546 0.054336 0.220582 0.046106 0.106017 0.003606 0.071412 0.167841 0.876812 0.516265 0.068781 0.010371 0.152742 0.149188 0.078691 0.012544 0.030784 0.628425 0.315471 0.662568 0.089742 0.389173 0.083385 0.231799 0.128743 0.152044 0.003998 0.892731 0.212790 0.272032 0.694558 0.004425 0.198319 0.495290 0.038479 0.456219 
0.167874 0.648853 0.586049 0.531295 0.141913 0.000000 0.101541 0.155217 0.209045 0.044735 0.242683 0.483135 0.180301 0.296859 0.023932 0.426793 0.173816 0.131648 0.217663 0.285872 0.072733 0.290305 0.344241 0.422410 0.080454 0.207308 0.122682 0.432345 0.214184 0.566712 0.350981 0.335169 0.503938 0.124482 0.179615 0.027116 0.146827 0.188896 0.174445 0.130166 0.031099 0.666301 0.243912 0.270446 0.191307 
0.192791 0.134547 0.173244 0.056305 0.640608 0.101541 0.000000 0.567269 0.485736 0.004565 0.045545 0.174084 0.040202 0.092908 0.002479 0.048620 0.172922 0.727973 0.442683 0.057757 0.007395 0.137642 0.129284 0.061938 0.009805 0.023241 0.773563 0.214901 0.453924 0.067528 0.288688 0.069493 0.179347 0.141149 0.154123 0.002776 0.665079 0.217024 0.286336 0.769537 0.003250 0.136990 0.403518 0.028021 0.440969 
0.331047 0.190623 0.260928 0.083542 0.539563 0.155217 0.567269 0.000000 0.650181 0.006980 0.079233 0.288291 0.070623 0.163008 0.003715 0.069911 0.298814 0.580792 0.710734 0.100434 0.011616 0.242198 0.225820 0.104423 0.016630 0.038353 0.732585 0.291371 0.533267 0.109957 0.432807 0.120401 0.291919 0.235529 0.267751 0.004224 0.604362 0.377231 0.492700 0.718437 0.005284 0.196327 0.631615 0.044666 0.773366 
0.268453 0.273363 0.356655 0.115473 0.633024 0.209045 0.485736 0.650181 0.000000 0.009389 0.085767 0.345697 0.072805 0.167197 0.005081 0.098852 0.248035 0.614779 0.785644 0.108597 0.015221 0.239399 0.235371 0.122780 0.019478 0.047105 0.575815 0.430694 0.806451 0.137302 0.593527 0.131603 0.360880 0.184111 0.227413 0.005704 0.682805 0.313737 0.386730 0.619569 0.006650 0.279403 0.779800 0.057521 0.645172 
0.009953 0.033360 0.026283 0.080705 0.006546 0.044735 0.004565 0.006980 0.009389 0.000000 0.047726 0.023487 0.038824 0.026398 0.505476 0.089937 0.010818 0.005997 0.009759 0.041801 0.539088 0.019282 0.022901 0.054854 0.156064 0.142734 0.005488 0.020736 0.009834 0.060232 0.015711 0.039091 0.023649 0.008561 0.011835 0.603528 0.006682 0.010555 0.008891 0.005831 0.359706 0.033005 0.010922 0.149214 0.008709 
0.173419 0.162076 0.184591 0.205745 0.054336 0.242683 0.045545 0.079233 0.085767 0.047726 0.000000 0.242391 0.722625 0.473586 0.024125 0.161504 0.193267 0.053191 0.101594 0.788531 0.087890 0.316537 0.350394 0.568326 0.194001 0.333636 0.058321 0.125550 0.078460 0.404481 0.134491 0.651584 0.226312 0.166753 0.216838 0.029457 0.058746 0.172527 0.134232 0.059025 0.051860 0.168876 0.108900 0.274385 0.102452 
0.341082 0.456308 0.645792 0.258518 0.220582 0.483135 0.174084 0.288291 0.345697 0.023487 0.242391 0.000000 0.197734 0.428179 0.012306 0.206202 0.347417 0.212614 0.392600 0.305138 0.039814 0.523157 0.581678 0.354720 0.056157 0.132792 0.218208 0.470304 0.322857 0.380968 0.554852 0.371047 0.909703 0.245120 0.350655 0.014181 0.236058 0.387998 0.360507 0.226093 0.018330 0.480641 0.430773 0.153756 0.366452 
0.172121 0.122158 0.143935 0.148725 0.046106 0.180301 0.040202 0.070623 0.072805 0.038824 0.722625 0.197734 0.000000 0.432406 0.019671 0.116708 0.193281 0.045695 0.087884 0.627757 0.071928 0.291268 0.308515 0.414713 0.182329 0.264439 0.051771 0.098222 0.065268 0.294318 0.110365 0.522124 0.182864 0.177744 0.218679 0.024268 0.050224 0.166214 0.126965 0.051841 0.046284 0.127617 0.093043 0.205921 0.091134 
0.360939 0.222990 0.289578 0.190246 0.106017 0.296859 0.092908 0.163008 0.167197 0.026398 0.473586 0.428179 0.432406 0.000000 0.013404 0.146444 0.399355 0.105477 0.202958 0.592432 0.047628 0.666966 0.710094 0.473618 0.092605 0.180461 0.119557 0.202737 0.148159 0.377030 0.245825 0.672553 0.391384 0.324269 0.443351 0.016054 0.115768 0.363551 0.283408 0.119876 0.025672 0.234646 0.214047 0.172159 0.210502 
0.005089 0.018354 0.014138 0.043998 0.003606 0.023932 0.002479 0.003715 0.005081 0.505476 0.024125 0.012306 0.019671 0.013404 0.000000 0.050447 0.005520 0.003285 0.005210 0.021145 0.273477 0.009853 0.011724 0.027957 0.083783 0.072154 0.002951 0.011423 0.005392 0.031147 0.008449 0.019826 0.012455 0.004346 0.006027 0.775752 0.003656 0.005420 0.004600 0.003149 0.257451 0.018078 0.005841 0.076547 0.004605 
0.072349 0.361270 0.266849 0.769610 0.071412 0.426793 0.048620 0.069911 0.098852 0.089937 0.161504 0.206202 0.116708 0.146444 0.050447 0.000000 0.075506 0.064870 0.098363 0.172881 0.133105 0.129911 0.155602 0.272974 0.098182 0.249625 0.057029 0.225736 0.106440 0.378174 0.161405 0.189183 0.215580 0.054707 0.078907 0.055445 0.072135 0.080938 0.074488 0.061274 0.052117 0.353728 0.110669 0.379766 0.084422 
0.887419 0.159588 0.230375 0.096655 0.167841 0.173816 0.172922 0.298814 0.248035 0.010818 0.193267 0.347417 0.193281 0.399355 0.005520 0.075506 0.000000 0.175697 0.315513 0.238131 0.019321 0.559323 0.467363 0.197191 0.037494 0.072506 0.222746 0.187669 0.204528 0.171882 0.277527 0.269226 0.321679 0.701213 0.881019 0.006555 0.187201 0.788712 0.603913 0.214779 0.010253 0.167911 0.309800 0.072017 0.367839 
0.193721 0.178961 0.224275 0.074277 0.876812 0.131648 0.727973 0.580792 0.614779 0.005997 0.053191 0.212614 0.045695 0.105477 0.003285 0.064870 0.175697 0.000000 0.519630 0.067407 0.009583 0.153563 0.148114 0.075486 0.011975 0.029061 0.707908 0.287349 0.609208 0.084753 0.368159 0.081557 0.221898 0.136881 0.158337 0.003656 0.896571 0.222506 0.287678 0.777931 0.004132 0.181504 0.488398 0.035864 0.475745 
0.341698 0.267734 0.366939 0.117438 0.516265 0.217663 0.442683 0.710734 0.785644 0.009759 0.101594 0.392600 0.087884 0.202958 0.005210 0.098363 0.315513 0.519630 0.000000 0.128816 0.016141 0.295050 0.284825 0.139907 0.022148 0.052208 0.555012 0.404448 0.640146 0.151003 0.608634 0.155513 0.402130 0.234225 0.288762 0.005909 0.568510 0.399245 0.490637 0.575238 0.007245 0.275987 0.888127 0.061836 0.801299 
0.214474 0.194567 0.227808 0.222742 0.068781 0.285872 0.057757 0.100434 0.108597 0.041801 0.788531 0.305138 0.627757 0.592432 0.021145 0.172881 0.238131 0.067407 0.128816 0.000000 0.076360 0.398054 0.443693 0.633200 0.156311 0.291969 0.073946 0.155163 0.099045 0.451715 0.169370 0.822290 0.284027 0.200161 0.265956 0.025599 0.074421 0.215411 0.168581 0.074854 0.042897 0.203288 0.137989 0.257656 0.129866 
0.017700 0.052109 0.042632 0.125608 0.010371 0.072733 0.007395 0.011616 0.015221 0.539088 0.087890 0.039814 0.071928 0.047628 0.273477 0.133105 0.019321 0.009583 0.016141 0.076360 0.000000 0.034292 0.040546 0.097771 0.274489 0.261519 0.009006 0.032531 0.015641 0.103825 0.025612 0.070714 0.039731 0.015478 0.021228 0.335012 0.010687 0.018613 0.015475 0.009507 0.377463 0.051916 0.018000 0.258711 0.014626 
0.516015 0.243410 0.338198 0.167455 0.152742 0.290305 0.137642 0.242198 0.239399 0.019282 0.316537 0.523157 0.291268 0.666966 0.009853 0.129911 0.559323 0.153563 0.295050 0.398054 0.034292 0.000000 0.832305 0.350732 0.062422 0.127407 0.177468 0.249811 0.207726 0.306470 0.330323 0.463976 0.476320 0.419232 0.601345 0.011674 0.167746 0.536010 0.423497 0.176988 0.017721 0.256587 0.306996 0.128638 0.312125 
0.433936 0.280270 0.380994 0.200781 0.149188 0.344241 0.129284 0.225820 0.235371 0.022901 0.350394 0.581678 0.308515 0.710094 0.011724 0.155602 0.467363 0.148114 0.284825 0.443693 0.040546 0.832305 0.000000 0.413979 0.070836 0.149159 0.165963 0.273642 0.208516 0.367647 0.343647 0.527265 0.529415 0.349007 0.500575 0.013853 0.162742 0.458583 0.371236 0.167192 0.020582 0.295404 0.301206 0.153154 0.291957 
0.181004 0.278118 0.299327 0.351744 0.078691 0.422410 0.061938 0.104423 0.122780 0.054854 0.568326 0.354720 0.414713 0.473618 0.027957 0.272974 0.197191 0.075486 0.139907 0.633200 0.097771 0.350732 0.413979 0.000000 0.158244 0.358611 0.078106 0.204461 0.116560 0.709313 0.201325 0.676243 0.339481 0.154546 0.215572 0.033242 0.083875 0.189844 0.155386 0.080481 0.049126 0.288614 0.152906 0.362712 0.134214 
0.033653 0.052735 0.050181 0.108090 0.012544 0.080454 0.009805 0.016630 0.019478 0.156064 0.194001 0.056157 0.182329 0.092605 0.083783 0.098182 0.037494 0.011975 0.022148 0.156311 0.274489 0.062422 0.070836 0.158244 0.000000 0.381423 0.012388 0.035138 0.018710 0.137463 0.032218 0.134123 0.053965 0.032864 0.042089 0.106724 0.013317 0.033673 0.026462 0.012740 0.246959 0.053755 0.024198 0.258318 0.021434 
0.066042 0.136949 0.126326 0.281567 0.030784 0.207308 0.023241 0.038353 0.047105 0.142734 0.333636 0.132792 0.264439 0.180461 0.072154 0.249625 0.072506 0.029061 0.052208 0.291969 0.261519 0.127407 0.149159 0.358611 0.381423 0.000000 0.028989 0.089818 0.046253 0.342871 0.078899 0.268313 0.129581 0.058915 0.080086 0.087645 0.032381 0.068502 0.055735 0.030143 0.136765 0.139184 0.057586 0.646472 0.049036 
0.247963 0.157543 0.208627 0.067003 0.628425 0.122682 0.773563 0.732585 0.575815 0.005488 0.058321 0.218208 0.051771 0.119557 0.002951 0.057029 0.222746 0.707908 0.555012 0.073946 0.009006 0.177468 0.165963 0.078106 0.012388 0.028989 0.000000 0.248183 0.506701 0.083811 0.349161 0.088809 0.223191 0.179902 0.198777 0.003328 0.689465 0.280009 0.368763 0.902234 0.004022 0.161222 0.500055 0.034398 0.567956 
0.192060 0.621564 0.680051 0.256726 0.315471 0.432345 0.214901 0.291371 0.430694 0.020736 0.125550 0.470304 0.098222 0.202737 0.011423 0.225736 0.187669 0.287349 0.404448 0.155163 0.032531 0.249811 0.273642 0.204461 0.035138 0.089818 0.248183 0.000000 0.471525 0.254639 0.641641 0.187908 0.516338 0.131845 0.182270 0.012673 0.319553 0.224942 0.239790 0.268597 0.013576 0.626571 0.454007 0.117634 0.331911 
0.220117 0.293760 0.363350 0.121838 0.662568 0.214184 0.453924 0.533267 0.806451 0.009834 0.078460 0.322857 0.065268 0.148159 0.005392 0.106440 0.204528 0.609208 0.640146 0.099045 0.015641 0.207726 0.208516 0.116560 0.018710 0.046253 0.506701 0.471525 0.000000 0.134697 0.578856 0.120333 0.342261 0.150375 0.188707 0.005998 0.677696 0.257983 0.314084 0.555570 0.006677 0.297831 0.659402 0.058065 0.520784 
0.160431 0.367899 0.365003 0.489899 0.089742 0.566712 0.067528 0.109957 0.137302 0.060232 0.404481 0.380968 0.294318 0.377030 0.031147 0.378174 0.171882 0.084753 0.151003 0.451715 0.103825 0.306470 0.367647 0.709313 0.137463 0.342871 0.083811 0.254639 0.134697 0.000000 0.230112 0.500248 0.375504 0.129461 0.184470 0.036356 0.094438 0.173114 0.147578 0.087481 0.047977 0.378941 0.167107 0.401188 0.139617 
0.288433 0.439591 0.597508 0.191553 0.389173 0.350981 0.288688 0.432807 0.593527 0.015711 0.134491 0.554852 0.110365 0.245825 0.008449 0.161405 0.277527 0.368159 0.608634 0.169370 0.025612 0.330323 0.343647 0.201325 0.032218 0.078899 0.349161 0.641641 0.578856 0.230112 0.000000 0.205931 0.590939 0.196389 0.264654 0.009531 0.410333 0.339180 0.371427 0.370835 0.011197 0.453441 0.685185 0.096913 0.510492 
0.244093 0.231777 0.275583 0.245137 0.083385 0.335169 0.069493 0.120401 0.131603 0.039091 0.651584 0.371047 0.522124 0.672553 0.019826 0.189183 0.269226 0.081557 0.155513 0.822290 0.070714 0.463976 0.527265 0.676243 0.134123 0.268313 0.088809 0.187908 0.120333 0.500248 0.205931 0.000000 0.345391 0.218834 0.298269 0.023803 0.090112 0.248985 0.197188 0.090138 0.037991 0.242549 0.166989 0.251571 0.155652 
0.317826 0.495723 0.707615 0.268058 0.231799 0.503938 0.179347 0.291919 0.360880 0.023649 0.226312 0.909703 0.182864 0.391384 0.012455 0.215580 0.321679 0.221898 0.402130 0.284027 0.039731 0.476320 0.529415 0.339481 0.053965 0.129581 0.223191 0.516338 0.342261 0.375504 0.590939 0.345391 0.000000 0.226399 0.322783 0.014287 0.246764 0.363762 0.345210 0.232608 0.018016 0.521795 0.444397 0.152993 0.367863 
0.678796 0.112243 0.161752 0.070360 0.128743 0.124482 0.141149 0.235529 0.184111 0.008561 0.166753 0.245120 0.177744 0.324269 0.004346 0.054707 0.701213 0.136881 0.234225 0.200161 0.015478 0.419232 0.349007 0.154546 0.032864 0.058915 0.179902 0.131845 0.150375 0.129461 0.196389 0.218834 0.226399 0.000000 0.692861 0.005209 0.144033 0.576465 0.472607 0.170747 0.008649 0.118134 0.226356 0.056056 0.280098 
0.781860 0.160104 0.229496 0.101407 0.152044 0.179615 0.154123 0.267751 0.227413 0.011835 0.216838 0.350655 0.218679 0.443351 0.006027 0.078907 0.881019 0.158337 0.288762 0.265956 0.021228 0.601345 0.500575 0.215572 0.042089 0.080086 0.198777 0.182270 0.188707 0.184470 0.264654 0.298269 0.322783 0.692861 0.000000 0.007180 0.169333 0.709681 0.537469 0.192364 0.011418 0.168597 0.286177 0.078391 0.332517 
0.006024 0.020388 0.015949 0.049218 0.003998 0.027116 0.002776 0.004224 0.005704 0.603528 0.029457 0.014181 0.024268 0.016054 0.775752 0.055445 0.006555 0.003656 0.005909 0.025599 0.335012 0.011674 0.013853 0.033242 0.106724 0.087645 0.003328 0.012673 0.005998 0.036356 0.009531 0.023803 0.014287 0.005209 0.007180 0.000000 0.004073 0.006379 0.005367 0.003540 0.330432 0.020140 0.006616 0.090138 0.005264 
0.205604 0.199175 0.250146 0.082743 0.892731 0.146827 0.665079 0.604362 0.682805 0.006682 0.058746 0.236058 0.050224 0.115768 0.003656 0.072135 0.187201 0.896571 0.568510 0.074421 0.010687 0.167746 0.162742 0.083875 0.013317 0.032381 0.689465 0.319553 0.677696 0.094438 0.410333 0.090112 0.246764 0.144033 0.169333 0.004073 0.000000 0.237297 0.304160 0.764040 0.004608 0.202128 0.539102 0.040000 0.508896 
0.849219 0.182670 0.265468 0.102650 0.212790 0.188896 0.217024 0.377231 0.313737 0.010555 0.172527 0.387998 0.166214 0.363551 0.005420 0.080938 0.788712 0.222506 0.399245 0.215411 0.018613 0.536010 0.458583 0.189844 0.033673 0.068502 0.280009 0.224942 0.257983 0.173114 0.339180 0.248985 0.363762 0.576465 0.709681 0.006379 0.237297 0.000000 0.753656 0.271028 0.009500 0.191833 0.390094 0.070719 0.466297 
0.671701 0.181080 0.262982 0.093200 0.272032 0.174445 0.286336 0.492700 0.386730 0.008891 0.134232 0.360507 0.126965 0.283408 0.004600 0.074488 0.603913 0.287678 0.490637 0.168581 0.015475 0.423497 0.371236 0.155386 0.026462 0.055735 0.368763 0.239790 0.314084 0.147578 0.371427 0.197188 0.345210 0.472607 0.537469 0.005367 0.304160 0.753656 0.000000 0.354653 0.007656 0.189408 0.466078 0.059462 0.592486 
0.238222 0.169528 0.221849 0.071574 0.694558 0.130166 0.769537 0.718437 0.619569 0.005831 0.059025 0.226093 0.051841 0.119876 0.003149 0.061274 0.214779 0.777931 0.575238 0.074854 0.009507 0.176988 0.167192 0.080481 0.012740 0.030143 0.902234 0.268597 0.555570 0.087481 0.370835 0.090138 0.232608 0.170747 0.192364 0.003540 0.764040 0.271028 0.354653 0.000000 0.004205 0.173149 0.523403 0.036154 0.565839 
0.009276 0.021515 0.018373 0.050827 0.004425 0.031099 0.003250 0.005284 0.006650 0.359706 0.051860 0.018330 0.046284 0.025672 0.257451 0.052117 0.010253 0.004132 0.007245 0.042897 0.377463 0.017721 0.020582 0.049126 0.246959 0.136765 0.004022 0.013576 0.006677 0.047977 0.011197 0.037991 0.018016 0.008649 0.011418 0.330432 0.004608 0.009500 0.007656 0.004205 0.000000 0.021575 0.008026 0.114963 0.006736 
0.166575 0.948637 0.720018 0.408956 0.198319 0.666301 0.136990 0.196327 0.279403 0.033005 0.168876 0.480641 0.127617 0.234646 0.018078 0.353728 0.167911 0.181504 0.275987 0.203288 0.051916 0.256587 0.295404 0.288614 0.053755 0.139184 0.161222 0.626571 0.297831 0.378941 0.453441 0.242549 0.521795 0.118134 0.168597 0.020140 0.202128 0.191833 0.189408 0.173149 0.021575 0.000000 0.310723 0.186127 0.233521 
0.332300 0.301458 0.412243 0.131911 0.495290 0.243912 0.403518 0.631615 0.779800 0.010922 0.108900 0.430773 0.093043 0.214047 0.005841 0.110669 0.309800 0.488398 0.888127 0.137989 0.018000 0.306996 0.301206 0.152906 0.024198 0.057586 0.500055 0.454007 0.659402 0.167107 0.685185 0.166989 0.444397 0.226356 0.286177 0.006616 0.539102 0.390094 0.466078 0.523403 0.008026 0.310723 0.000000 0.068786 0.726365 
0.066480 0.184802 0.159727 0.413328 0.038479 0.270446 0.028021 0.044666 0.057521 0.149214 0.274385 0.153756 0.205921 0.172159 0.076547 0.379766 0.072017 0.035864 0.061836 0.257656 0.258711 0.128638 0.153154 0.362712 0.258318 0.646472 0.034398 0.117634 0.058065 0.401188 0.096913 0.251571 0.152993 0.056056 0.078391 0.090138 0.040000 0.070719 0.059462 0.036154 0.114963 0.186127 0.068786 0.000000 0.056411 
0.403310 0.225569 0.316295 0.102160 0.456219 0.191307 0.440969 0.773366 0.645172 0.008709 0.102452 0.366452 0.091134 0.210502 0.004605 0.084422 0.367839 0.475745 0.801299 0.129866 0.014626 0.312125 0.291957 0.134214 0.021434 0.049036 0.567956 0.331911 0.520784 0.139617 0.510492 0.155652 0.367863 0.280098 0.332517 0.005264 0.508896 0.466297 0.592486 0.565839 0.006736 0.233521 0.726365 0.056411 0.000000 
