45 
0.000000 1075.453936 857.941443 1391.659800 986.658730 1040.541276 960.416798 645.726731 767.374433 2690.023899 1021.980551 629.115893 1027.340466 593.993737 3081.197472 1532.470928 70.524428 956.598541 625.512635 897.575882 2352.944989 386.781844 485.656912 997.575646 1978.861807 1585.153302 811.756483 963.075363 882.539878 1067.122600 724.903963 823.252008 667.309732 226.244522 140.797690 2984.843321 923.030923 94.637823 230.533473 837.668347 2732.149587 1044.241668 643.277245 1581.290601 531.410469 
1075.453936 0.000000 218.172640 517.604553 952.406542 251.481983 1169.904703 967.151180 758.469144 1983.270657 1061.927801 457.052505 1226.316193 876.905952 2331.404634 592.801446 1070.743540 1001.941867 768.215621 954.549289 1723.108065 824.853602 740.269749 746.188704 1717.363435 1158.587628 1078.627521 277.686738 713.326604 582.412371 479.988874 852.787594 409.332955 1276.880720 1066.682556 2273.164896 940.901402 990.755912 996.822563 1035.667547 2239.452624 30.384964 699.694021 986.092222 868.547717 
857.941443 218.172640 0.000000 664.513035 831.120429 310.245816 1021.855696 784.763155 602.157244 2123.515966 986.592395 252.524774 1131.259916 724.385051 2483.539577 770.209846 856.575442 871.623413 585.358893 860.522632 1838.959666 632.929496 564.363350 705.197621 1747.082675 1206.062448 912.734972 223.679159 590.767284 588.620281 300.561213 752.862519 201.283414 1063.735666 857.155745 2412.881245 808.110910 773.913155 782.498898 877.968791 2331.464412 191.375145 516.348111 1068.965190 671.610284 
1391.659800 517.604553 664.513035 0.000000 1466.921055 368.871952 1678.885690 1449.498731 1259.951504 1467.659409 922.827122 788.627649 1111.094265 968.523845 1820.491956 152.760989 1364.194924 1516.581888 1247.870100 876.032123 1211.514501 1043.253936 937.033728 608.550633 1297.105323 739.376576 1579.109769 792.342480 1228.481975 416.264724 962.296893 822.224934 767.513453 1549.106173 1335.899892 1757.136430 1454.328534 1327.279089 1383.835823 1538.907036 1737.865446 522.203271 1183.273468 514.341904 1332.400449 
986.658730 952.406542 831.120429 1466.921055 0.000000 1138.564025 258.193363 359.415642 266.417433 2934.937292 1698.533640 881.582377 1795.860866 1309.492692 3281.114009 1538.348447 1042.304427 77.769283 386.807937 1562.701687 2666.424737 1097.044320 1108.931440 1482.655630 2554.994975 2032.326528 271.637815 672.195330 241.028313 1407.982982 550.079187 1448.376823 852.328735 1196.785776 1100.185648 3221.936380 64.702352 902.507479 758.210614 214.656705 3163.518041 943.932371 409.721871 1899.382128 457.429152 
1040.541276 251.481983 310.245816 368.871952 1138.564025 0.000000 1334.465007 1086.900569 914.053246 1813.379849 826.703413 424.689672 999.392196 709.634231 2178.494817 495.903643 1022.165507 1181.266021 889.787731 730.833659 1530.783211 721.205121 620.759350 503.089639 1467.724023 917.901941 1225.659818 489.424065 898.295656 332.524198 612.550520 638.299402 399.074146 1215.600833 1004.253757 2105.227384 1119.661667 972.699545 1018.079263 1188.674525 2025.370296 236.446145 822.846350 763.516633 965.700047 
960.416798 1169.904703 1021.855696 1678.885690 258.193363 1334.465007 0.000000 330.885482 420.903794 3142.313368 1802.637972 1019.366783 1875.292590 1386.601891 3501.162990 1764.264989 1023.253539 183.565653 474.586472 1663.169190 2863.488030 1157.759861 1192.720964 1621.120890 2697.365637 2194.835579 150.178716 897.107975 460.315387 1572.741229 724.423570 1555.871140 1004.074296 1142.867447 1091.230480 3434.248227 238.794861 893.331751 730.849589 152.995947 3341.993787 1158.867501 529.185366 2085.044937 477.507058 
645.726731 967.151180 784.763155 1449.498731 359.415642 1086.900569 330.885482 0.000000 251.656747 2896.024854 1476.946377 724.716747 1547.818529 1056.144223 3262.572402 1552.597484 704.774170 317.001958 198.761311 1341.138779 2600.265038 826.622025 869.666728 1317.841228 2389.987745 1902.911385 180.545139 720.393892 367.358418 1288.214312 487.510130 1235.953281 717.921536 844.475138 766.510504 3188.983922 293.972299 569.397984 412.952604 194.834837 3061.039591 949.721111 268.910585 1813.554333 150.809282 
767.374433 758.469144 602.157244 1259.951504 266.417433 914.053246 420.903794 251.656747 0.000000 2723.331047 1433.303590 619.746030 1528.240413 1042.036281 3081.862899 1348.787914 814.569310 284.367720 138.904467 1296.551297 2442.730655 832.645941 842.965460 1223.586609 2297.316241 1782.748311 322.432530 492.110189 124.071813 1159.984625 303.667756 1184.811375 595.594158 987.409666 864.215858 3013.389569 222.078496 674.628015 553.580510 278.269375 2924.797420 744.366655 143.589489 1665.646739 254.231066 
2690.023899 1983.270657 2123.515966 1467.659409 2934.937292 1813.379849 3142.313368 2896.024854 2723.331047 0.000000 1775.797244 2188.409351 1894.823813 2120.715536 398.576267 1405.572770 2642.085362 2986.339939 2701.452027 1852.697684 359.662876 2304.672174 2204.146740 1695.705111 1084.852588 1136.092083 3035.593358 2260.885933 2698.613056 1640.694980 2423.393404 1891.384675 2184.212341 2777.485127 2588.748807 292.694316 2922.816485 2653.628845 2753.921232 3001.265294 596.974836 1988.468865 2633.434694 1111.574438 2768.072257 
1021.980551 1061.927801 986.592395 922.827122 1698.533640 826.703413 1802.637972 1476.946377 1433.303590 1775.797244 0.000000 827.378903 189.693119 437.203381 2175.719009 1063.820320 959.280628 1713.748346 1334.409959 136.314583 1419.014266 671.252349 611.410369 327.457557 957.553046 641.805179 1658.951339 1209.159736 1484.118547 529.159681 1170.206646 249.478435 864.706383 1043.757839 890.314409 2056.056393 1654.497763 1026.143540 1172.909202 1650.759495 1726.861963 1037.606767 1291.310589 753.449430 1328.493279 
629.115893 457.052505 252.524774 788.627649 881.582377 424.689672 1019.366783 724.716747 619.746030 2188.409351 827.378903 0.000000 944.785252 494.269400 2566.181782 921.644298 618.640268 902.578957 546.063511 692.758906 1880.825200 378.678200 315.200286 603.847728 1679.851905 1178.588070 887.357498 439.848115 659.573012 563.497844 343.018853 580.179624 56.712725 819.004464 611.994970 2482.663383 842.653728 552.284499 595.367757 866.526445 2334.306844 425.612482 491.478490 1092.352270 586.899415 
1027.340466 1226.316193 1131.259916 1111.094265 1795.860866 999.392196 1875.292590 1547.818529 1528.240413 1894.823813 189.693119 944.785252 0.000000 486.795213 2293.120023 1253.607534 958.859219 1801.200549 1416.713466 271.153726 1534.200353 720.087962 685.915180 513.489442 992.087601 776.897980 1726.002814 1353.134403 1592.656761 714.481828 1285.935369 379.792220 990.133081 1006.318532 885.671281 2169.481752 1746.173357 1046.329699 1203.808069 1725.751240 1791.687897 1202.104375 1384.318346 923.669280 1396.400447 
593.993737 876.905952 724.385051 968.523845 1309.492692 709.634231 1386.601891 1056.144223 1042.036281 2120.715536 437.203381 494.269400 486.795213 0.000000 2514.296992 1119.745700 536.634273 1312.926203 930.032240 305.128264 1776.234572 236.611342 199.341731 434.434169 1387.705931 1000.677315 1238.267326 930.337880 1112.321429 568.970947 817.888361 231.611398 547.459637 656.950134 475.114437 2410.581294 1258.134168 589.607595 736.724252 1237.607802 2137.509645 845.599619 899.380706 1024.155330 909.089824 
3081.197472 2331.404634 2483.539577 1820.491956 3281.114009 2178.494817 3501.162990 3262.572402 3081.862899 398.576267 2175.719009 2566.181782 2293.120023 2514.296992 0.000000 1743.080349 3033.426956 3335.140260 3066.798705 2250.734012 756.988104 2695.157698 2594.645205 2085.932805 1445.129634 1533.881101 3397.872347 2609.068298 3047.830530 2024.240027 2785.127287 2287.377423 2558.183098 3173.281912 2981.955724 147.843314 3276.449663 3042.812897 3139.218206 3360.475504 792.959986 2341.645466 3001.412457 1499.030808 3140.381979 
1532.470928 592.801446 770.209846 152.760989 1538.348447 495.903643 1764.264989 1552.597484 1348.787914 1405.572770 1063.820320 921.644298 1253.607534 1119.745700 1743.080349 0.000000 1507.700118 1597.972932 1353.937127 1023.738626 1176.868319 1192.836967 1085.701415 757.911359 1354.309731 809.270277 1670.332851 868.135669 1305.384637 568.146410 1064.618588 971.091761 894.730631 1696.544863 1482.012095 1688.483125 1533.170946 1465.915724 1515.559753 1628.110594 1724.760465 606.279520 1284.388280 563.365053 1442.700058 
70.524428 1070.743540 856.575442 1364.194924 1042.304427 1022.165507 1023.253539 704.774170 814.569310 2642.085362 959.280628 618.640268 958.859219 536.634273 3033.426956 1507.700118 0.000000 1013.266349 671.426678 838.309105 2302.721349 337.184333 445.238028 947.444651 1915.849410 1532.190507 877.697617 974.196078 925.648085 1026.703645 747.703673 764.510607 659.417362 206.781556 75.712790 2935.311965 978.364969 136.592104 292.590728 896.209530 2670.115356 1041.631271 683.851963 1534.517150 583.902237 
956.598541 1001.941867 871.623413 1516.581888 77.769283 1181.266021 183.565653 317.001958 284.367720 2986.339939 1713.748346 902.578957 1801.200549 1312.926203 3335.140260 1597.972932 1013.266349 0.000000 379.393487 1574.500337 2709.160739 1092.566487 1112.293293 1507.394520 2582.941654 2065.892564 201.014825 728.505211 289.574040 1441.332042 582.793574 1460.474055 880.073314 1160.551107 1074.754978 3272.120621 61.140374 876.361875 726.252250 146.438811 3202.805276 995.526294 417.799672 1942.430739 432.563773 
625.512635 768.215621 585.358893 1247.870100 386.807937 889.787731 474.586472 198.761311 138.904467 2701.452027 1334.409959 546.063511 1416.713466 930.032240 3066.798705 1353.937127 671.426678 379.393487 0.000000 1194.942367 2408.681100 710.757020 733.199351 1146.927694 2222.398641 1722.176410 343.927818 527.075597 259.634667 1102.415265 288.630164 1085.643161 530.277420 848.190595 725.460630 2993.749289 329.714208 537.125025 415.982191 322.955609 2873.760834 750.872393 69.363455 1623.979175 130.444024 
897.575882 954.549289 860.522632 876.032123 1562.701687 730.833659 1663.169190 1341.138779 1296.551297 1852.697684 136.314583 692.758906 271.153726 305.128264 2250.734012 1023.738626 838.309105 1574.500337 1194.942367 0.000000 1501.044328 538.444646 473.206425 265.549716 1083.236779 718.364180 1519.543885 1085.149154 1349.234410 465.158207 1036.885141 113.477221 734.085509 937.803371 771.994686 2137.998566 1516.305404 896.270300 1039.317386 1511.067997 1837.877945 930.944281 1155.624008 791.175142 1190.143591 
2352.944989 1723.108065 1838.959666 1211.514501 2666.424737 1530.783211 2863.488030 2600.265038 2442.730655 359.662876 1419.014266 1880.825200 1534.200353 1776.234572 756.988104 1176.868319 2302.721349 2709.160739 2408.681100 1501.044328 0.000000 1968.312646 1870.689840 1357.560775 753.339378 783.552420 2746.502681 1998.174603 2425.142230 1320.644720 2137.610965 1545.643479 1880.456919 2431.691390 2247.725316 636.457552 2646.531639 2323.447714 2431.184708 2717.162828 567.793892 1725.525230 2343.432281 788.017959 2463.833518 
386.781844 824.853602 632.929496 1043.253936 1097.044320 721.205121 1157.759861 826.622025 832.645941 2304.672174 671.252349 378.678200 720.087962 236.611342 2695.157698 1192.836967 337.184333 1092.566487 710.757020 538.444646 1968.312646 0.000000 105.501581 611.758745 1616.870688 1202.125796 1007.680552 810.242891 917.055976 691.504781 646.381400 448.181779 432.104945 506.538847 296.592581 2594.964581 1039.913558 363.490061 500.115710 1011.261010 2352.252881 793.575776 687.687725 1196.800145 680.708580 
485.656912 740.269749 564.363350 937.033728 1108.931440 620.759350 1192.720964 869.666728 842.965460 2204.146740 611.410369 315.200286 685.915180 199.341731 2594.645205 1085.701415 445.238028 1112.293293 733.199351 473.206425 1870.689840 105.501581 0.000000 514.710245 1542.603825 1110.271791 1047.548546 755.425142 913.452354 582.190264 623.732713 374.053889 370.537791 614.070607 404.269834 2497.292946 1058.926090 457.376233 579.061504 1042.970753 2267.129451 711.335551 699.050818 1093.648510 717.649131 
997.575646 746.188704 705.197621 608.550633 1482.655630 503.089639 1621.120890 1317.841228 1223.586609 1695.705111 327.457557 603.847728 513.489442 434.434169 2085.932805 757.911359 947.444651 1507.394520 1146.927694 265.549716 1357.560775 611.758745 514.710245 0.000000 1076.001956 599.257298 1487.452768 927.243079 1253.740680 201.803992 936.016708 229.461110 630.005103 1089.993077 896.869247 1986.551384 1448.126967 969.994638 1085.360424 1469.938032 1756.328900 726.069749 1094.814385 592.314003 1171.244631 
1978.861807 1717.363435 1747.082675 1297.105323 2554.994975 1467.724023 2697.365637 2389.987745 2297.316241 1084.852588 957.553046 1679.851905 992.087601 1387.705931 1445.129634 1354.309731 1915.849410 2582.941654 2222.398641 1083.236779 753.339378 1616.870688 1542.603825 1076.001956 0.000000 561.507317 2561.610799 1953.542607 2321.380222 1159.109948 2001.328439 1172.022630 1703.109801 1992.420857 1848.356688 1307.148070 2518.532696 1981.299484 2118.251616 2545.653586 816.485695 1706.365881 2171.639186 792.512086 2241.990274 
1585.153302 1158.587628 1206.062448 739.376576 2032.326528 917.901941 2194.835579 1902.911385 1782.748311 1136.092083 641.805179 1178.588070 776.897980 1000.677315 1533.881101 809.270277 1532.190507 2065.892564 1722.176410 718.364180 783.552420 1202.125796 1110.271791 599.257298 561.507317 0.000000 2065.802640 1405.109990 1793.298619 625.880294 1482.219818 766.407221 1193.157594 1652.720575 1473.486659 1419.779310 2001.576581 1564.595445 1682.586259 2043.925314 1160.491954 1151.352059 1665.984480 254.998440 1759.819374 
811.756483 1078.627521 912.734972 1579.109769 271.637815 1225.659818 150.178716 180.545139 322.432530 3035.593358 1658.951339 887.357498 1726.002814 1238.267326 3397.872347 1670.332851 877.697617 201.014825 343.927818 1519.543885 2746.502681 1007.680552 1047.548546 1487.452768 2561.610799 2065.802640 0.000000 812.061124 397.216582 1445.238067 614.462568 1411.511377 876.215611 1000.660716 942.824566 3327.909793 216.356319 743.967227 583.743635 59.563165 3219.684198 1064.911578 403.084754 1965.745947 328.595684 
963.075363 277.686738 223.679159 792.342480 672.195330 489.424065 897.107975 720.393892 492.110189 2260.885933 1209.159736 439.848115 1353.134403 930.337880 2609.068298 868.135669 974.196078 728.505211 527.075597 1085.149154 1998.174603 810.242891 755.425142 927.243079 1953.542607 1405.109990 812.061124 0.000000 438.231878 798.964471 258.364480 976.119600 385.141197 1181.426709 994.341031 2549.550210 666.364940 870.948011 832.895321 768.888073 2507.454077 271.432660 461.037366 1248.337996 643.545048 
882.539878 713.326604 590.767284 1228.481975 241.028313 898.295656 460.315387 367.358418 124.071813 2698.613056 1484.118547 659.573012 1592.656761 1112.321429 3047.830530 1305.384637 925.648085 289.574040 259.634667 1349.234410 2425.142230 917.055976 913.452354 1253.740680 2321.380222 1793.298619 397.216582 438.231878 0.000000 1170.061718 317.869054 1235.448648 624.438563 1105.882642 973.182760 2985.125219 225.806400 789.190775 674.703666 343.864185 2921.138958 707.262733 241.918303 1659.924830 379.618851 
1067.122600 582.412371 588.620281 416.264724 1407.982982 332.524198 1572.741229 1288.214312 1159.984625 1640.694980 529.159681 563.497844 714.481828 568.970947 2024.240027 568.146410 1026.703645 1441.332042 1102.415265 465.158207 1320.644720 691.504781 582.190264 201.803992 1159.109948 625.880294 1445.238067 798.964471 1170.061718 0.000000 858.911236 404.538799 571.568040 1192.206711 987.422977 1933.753273 1374.674424 1022.673170 1116.053814 1420.566986 1771.448514 565.420336 1044.892876 534.637430 1150.585457 
724.903963 479.988874 300.561213 962.296893 550.079187 612.550520 724.423570 487.510130 303.667756 2423.393404 1170.206646 343.018853 1285.935369 817.888361 2785.127287 1064.618588 747.703673 582.793574 288.630164 1036.885141 2137.610965 646.381400 623.732713 936.016708 2001.328439 1482.219818 614.462568 258.364480 317.869054 858.911236 0.000000 922.850660 306.564348 949.174486 774.972049 2714.793370 521.811337 630.547046 576.408438 579.115449 2620.777882 461.128652 220.153749 1362.682386 392.868471 
823.252008 852.787594 752.862519 822.224934 1448.376823 638.299402 1555.871140 1235.953281 1184.811375 1891.384675 249.478435 580.179624 379.792220 231.611398 2287.377423 971.091761 764.510607 1460.474055 1085.643161 113.477221 1545.643479 448.181779 374.053889 229.461110 1172.022630 766.407221 1411.511377 976.119600 1235.448648 404.538799 922.850660 0.000000 621.971431 887.285463 705.722571 2179.639406 1404.358896 810.919523 947.785891 1403.990171 1908.647640 825.737789 1043.572231 805.437909 1085.598955 
667.309732 409.332955 201.283414 767.513453 852.328735 399.074146 1004.074296 717.921536 595.594158 2184.212341 864.706383 56.712725 990.133081 547.459637 2558.183098 894.730631 659.417362 880.073314 530.277420 734.085509 1880.456919 432.104945 370.537791 630.005103 1703.109801 1193.157594 876.215611 385.141197 624.438563 571.568040 306.564348 621.971431 0.000000 866.450041 660.373704 2478.957193 818.415826 589.526457 621.717628 851.714111 2343.902169 379.450701 473.273299 1096.875363 585.085198 
226.244522 1276.880720 1063.735666 1549.106173 1196.785776 1215.600833 1142.867447 844.475138 987.409666 2777.485127 1043.757839 819.004464 1006.318532 656.950134 3173.281912 1696.544863 206.781556 1160.551107 848.190595 937.803371 2431.691390 506.538847 614.070607 1089.993077 1992.420857 1652.720575 1000.660716 1181.426709 1105.882642 1192.206711 949.174486 887.285463 866.450041 0.000000 214.429497 3066.701680 1130.224634 321.833268 436.288044 1031.677009 2770.200495 1244.863522 867.544156 1679.353425 743.250317 
140.797690 1066.682556 857.155745 1335.899892 1100.185648 1004.253757 1091.230480 766.510504 864.215858 2588.748807 890.314409 611.994970 885.671281 475.114437 2981.955724 1482.012095 75.712790 1074.754978 725.460630 771.994686 2247.725316 296.592581 404.269834 896.869247 1848.356688 1473.486659 942.824566 994.341031 973.182760 987.422977 774.972049 705.722571 660.373704 214.429497 0.000000 2879.633371 1037.897583 200.712420 362.458065 962.636560 2610.431501 1038.832686 729.426966 1485.516417 641.029461 
2984.843321 2273.164896 2412.881245 1757.136430 3221.936380 2105.227384 3434.248227 3188.983922 3013.389569 292.694316 2056.056393 2482.663383 2169.481752 2410.581294 147.843314 1688.483125 2935.311965 3272.120621 2993.749289 2137.998566 636.457552 2594.964581 2497.292946 1986.551384 1307.148070 1419.779310 3327.909793 2549.550210 2985.125219 1933.753273 2714.793370 2179.639406 2478.957193 3066.701680 2879.633371 0.000000 3210.151009 2946.810227 3049.809147 3291.168626 645.981639 2277.160598 2927.894604 1403.723018 3061.422683 
923.030923 940.901402 808.110910 1454.328534 64.702352 1119.661667 238.794861 293.972299 222.078496 2922.816485 1654.497763 842.653728 1746.173357 1258.134168 3276.449663 1533.170946 978.364969 61.140374 329.714208 1516.305404 2646.531639 1039.913558 1058.926090 1448.126967 2518.532696 2001.576581 216.356319 666.364940 225.806400 1374.674424 521.811337 1404.358896 818.415826 1130.224634 1037.897583 3210.151009 0.000000 839.457647 693.527941 156.370137 3139.240660 934.970729 360.529710 1878.289337 394.163396 
94.637823 990.755912 773.913155 1327.279089 902.507479 972.699545 893.331751 569.397984 674.628015 2653.628845 1026.143540 552.284499 1046.329699 589.607595 3042.812897 1465.915724 136.592104 876.361875 537.125025 896.270300 2323.447714 363.490061 457.376233 969.994638 1981.299484 1564.595445 743.967227 870.948011 789.190775 1022.673170 630.547046 810.919523 589.526457 321.833268 200.712420 2946.810227 839.457647 0.000000 164.220325 761.008530 2716.066904 964.668928 550.021879 1544.667468 446.080790 
230.533473 996.822563 782.498898 1383.835823 758.210614 1018.079263 730.849589 412.952604 553.580510 2753.921232 1172.909202 595.367757 1203.808069 736.724252 3139.218206 1515.559753 292.590728 726.252250 415.982191 1039.317386 2431.184708 500.115710 579.061504 1085.360424 2118.251616 1682.586259 583.743635 832.895321 674.703666 1116.053814 576.408438 947.785891 621.717628 436.288044 362.458065 3049.809147 693.527941 164.220325 0.000000 606.643044 2843.492226 971.155797 444.208610 1644.979215 305.149492 
837.668347 1035.667547 877.968791 1538.907036 214.656705 1188.674525 152.995947 194.834837 278.269375 3001.265294 1650.759495 866.526445 1725.751240 1237.607802 3360.475504 1628.110594 896.209530 146.438811 322.955609 1511.067997 2717.162828 1011.261010 1042.970753 1469.938032 2545.653586 2043.925314 59.563165 768.888073 343.864185 1420.566986 579.115449 1403.990171 851.714111 1031.677009 962.636560 3291.168626 156.370137 761.008530 606.643044 0.000000 3193.864769 1021.394223 377.640987 1936.015802 333.917750 
2732.149587 2239.452624 2331.464412 1737.865446 3163.518041 2025.370296 3341.993787 3061.039591 2924.797420 596.974836 1726.861963 2334.306844 1791.687897 2137.509645 792.959986 1724.760465 2670.115356 3202.805276 2873.760834 1837.877945 567.793892 2352.252881 2267.129451 1756.328900 816.485695 1160.491954 3219.684198 2507.454077 2921.138958 1771.448514 2620.777882 1908.647640 2343.902169 2770.200495 2610.431501 645.981639 3139.240660 2716.066904 2843.492226 3193.864769 0.000000 2238.469795 2815.351350 1262.545726 2918.411100 
1044.241668 30.384964 191.375145 522.203271 943.932371 236.446145 1158.867501 949.721111 744.366655 1988.468865 1037.606767 425.612482 1202.104375 845.599619 2341.645466 606.279520 1041.631271 995.526294 750.872393 930.944281 1725.525230 793.575776 711.335551 726.069749 1706.365881 1151.352059 1064.911578 271.432660 707.262733 565.420336 461.128652 825.737789 379.450701 1244.863522 1038.832686 2277.160598 934.970729 964.668928 971.155797 1021.394223 2238.469795 0.000000 682.173679 982.333122 848.129038 
643.277245 699.694021 516.348111 1183.273468 409.721871 822.846350 529.185366 268.910585 143.589489 2633.434694 1291.310589 491.478490 1384.318346 899.380706 3001.412457 1284.388280 683.851963 417.799672 69.363455 1155.624008 2343.432281 687.687725 699.050818 1094.814385 2171.639186 1665.984480 403.084754 461.037366 241.918303 1044.892876 220.153749 1043.572231 473.273299 867.544156 729.426966 2927.894604 360.529710 550.021879 444.208610 377.640987 2815.351350 682.173679 0.000000 1562.209603 187.128762 
1581.290601 986.092222 1068.965190 514.341904 1899.382128 763.516633 2085.044937 1813.554333 1665.646739 1111.574438 753.449430 1092.352270 923.669280 1024.155330 1499.030808 563.365053 1534.517150 1942.430739 1623.979175 791.175142 788.017959 1196.800145 1093.648510 592.314003 792.512086 254.998440 1965.745947 1248.337996 1659.924830 534.637430 1362.682386 805.437909 1096.875363 1679.353425 1485.516417 1403.723018 1878.289337 1544.667468 1644.979215 1936.015802 1262.545726 982.333122 1562.209603 0.000000 1679.198518 
531.410469 868.547717 671.610284 1332.400449 457.429152 965.700047 477.507058 150.809282 254.231066 2768.072257 1328.493279 586.899415 1396.400447 909.089824 3140.381979 1442.700058 583.902237 432.563773 130.444024 1190.143591 2463.833518 680.708580 717.649131 1171.244631 2241.990274 1759.819374 328.595684 643.545048 379.618851 1150.585457 392.868471 1085.598955 585.085198 743.250317 641.029461 3061.422683 394.163396 446.080790 305.149492 333.917750 2918.411100 848.129038 187.128762 1679.198518 0.000000 
