45 473
0.000000 0.000000 0.229842 0.000000 0.000000 0.000000 0.192791 0.331047 0.268453 0.000000 0.000000 0.341082 0.000000 0.360939 0.000000 0.000000 0.887419 0.193721 0.341698 0.214474 0.000000 0.516015 0.433936 0.000000 0.000000 0.000000 0.247963 0.192060 0.220117 0.000000 0.288433 0.244093 0.317826 0.678796 0.781860 0.000000 0.205604 0.849219 0.671701 0.238222 0.000000 0.000000 0.332300 0.000000 0.403310 
0.000000 0.000000 0.687184 0.412819 0.196116 0.648853 0.000000 0.190623 0.273363 0.000000 0.000000 0.456308 0.000000 0.222990 0.000000 0.361270 0.000000 0.000000 0.267734 0.194567 0.000000 0.243410 0.280270 0.278118 0.000000 0.000000 0.000000 0.621564 0.293760 0.367899 0.439591 0.231777 0.495723 0.000000 0.000000 0.000000 0.199175 0.000000 0.000000 0.000000 0.000000 0.948637 0.301458 0.000000 0.225569 
0.229842 0.687184 0.000000 0.319983 0.240857 0.586049 0.000000 0.260928 0.356655 0.000000 0.000000 0.645792 0.000000 0.289578 0.000000 0.266849 0.230375 0.224275 0.366939 0.227808 0.000000 0.338198 0.380994 0.299327 0.000000 0.000000 0.208627 0.680051 0.363350 0.365003 0.597508 0.275583 0.707615 0.000000 0.229496 0.000000 0.250146 0.265468 0.262982 0.221849 0.000000 0.720018 0.412243 0.000000 0.316295 
0.000000 0.412819 0.319983 0.000000 0.000000 0.531295 0.000000 0.000000 0.000000 0.000000 0.205745 0.258518 0.000000 0.190246 0.000000 0.769610 0.000000 0.000000 0.000000 0.222742 0.000000 0.000000 0.200781 0.351744 0.000000 0.281567 0.000000 0.256726 0.000000 0.489899 0.191553 0.245137 0.268058 0.000000 0.000000 0.000000 0.000000 0.000000 0.000000 0.000000 0.000000 0.408956 0.000000 0.413328 0.000000 
0.000000 0.196116 0.240857 0.000000 0.000000 0.000000 0.640608 0.539563 0.633024 0.000000 0.000000 0.220582 0.000000 0.000000 0.000000 0.000000 0.000000 0.876812 0.516265 0.000000 0.000000 0.000000 0.000000 0.000000 0.000000 0.000000 0.628425 0.315471 0.662568 0.000000 0.389173 0.000000 0.231799 0.000000 0.000000 0.000000 0.892731 0.212790 0.272032 0.694558 0.000000 0.198319 0.495290 0.000000 0.456219 
0.000000 0.648853 0.586049 0.531295 0.000000 0.000000 0.000000 0.000000 0.209045 0.000000 0.242683 0.483135 0.000000 0.296859 0.000000 0.426793 0.000000 0.000000 0.217663 0.285872 0.000000 0.290305 0.344241 0.422410 0.000000 0.207308 0.000000 0.432345 0.214184 0.566712 0.350981 0.335169 0.503938 0.000000 0.000000 0.000000 0.000000 0.000000 0.000000 0.000000 0.000000 0.666301 0.243912 0.270446 0.191307 
0.192791 0.000000 0.000000 0.000000 0.640608 0.000000 0.000000 0.567269 0.485736 0.000000 0.000000 0.000000 0.000000 0.000000 0.000000 0.000000 0.000000 0.727973 0.442683 0.000000 0.000000 0.000000 0.000000 0.000000 0.000000 0.000000 0.773563 0.214901 0.453924 0.000000 0.288688 0.000000 0.000000 0.000000 0.000000 0.000000 0.665079 0.217024 0.286336 0.769537 0.000000 0.000000 0.403518 0.000000 0.440969 
0.331047 0.190623 0.260928 0.000000 0.539563 0.000000 0.567269 0.000000 0.650181 0.000000 0.000000 0.288291 0.000000 0.000000 0.000000 0.000000 0.298814 0.580792 0.710734 0.000000 0.000000 0.242198 0.225820 0.000000 0.000000 0.000000 0.732585 0.291371 0.533267 0.000000 0.432807 0.000000 0.291919 0.235529 0.267751 0.000000 0.604362 0.377231 0.492700 0.718437 0.000000 0.196327 0.631615 0.000000 0.773366 
0.268453 0.273363 0.356655 0.000000 0.633024 0.209045 0.485736 0.650181 0.000000 0.000000 0.000000 0.345697 0.000000 0.000000 0.000000 0.000000 0.248035 0.614779 0.785644 0.000000 0.000000 0.239399 0.235371 0.000000 0.000000 0.000000 0.575815 0.430694 0.806451 0.000000 0.593527 0.000000 0.360880 0.000000 0.227413 0.000000 0.682805 0.313737 0.386730 0.619569 0.000000 0.279403 0.779800 0.000000 0.645172 
0.000000 0.000000 0.000000 0.000000 0.000000 0.000000 0.000000 0.000000 0.000000 0.000000 0.000000 0.000000 0.000000 0.000000 0.505476 0.000000 0.000000 0.000000 0.000000 0.000000 0.539088 0.000000 0.000000 0.000000 0.000000 0.000000 0.000000 0.000000 0.000000 0.000000 0.000000 0.000000 0.000000 0.000000 0.000000 0.603528 0.000000 0.000000 0.000000 0.000000 0.359706 0.000000 0.000000 0.000000 0.000000 
0.000000 0.000000 0.000000 0.205745 0.000000 0.242683 0.000000 0.000000 0.000000 0.000000 0.000000 0.242391 0.722625 0.473586 0.000000 0.000000 0.193267 0.000000 0.000000 0.788531 0.000000 0.316537 0.350394 0.568326 0.194001 0.333636 0.000000 0.000000 0.000000 0.404481 0.000000 0.651584 0.226312 0.000000 0.216838 0.000000 0.000000 0.000000 0.000000 0.000000 0.000000 0.000000 0.000000 0.274385 0.000000 
0.341082 0.456308 0.645792 0.258518 0.220582 0.483135 0.000000 0.288291 0.345697 0.000000 0.242391 0.000000 0.197734 0.428179 0.000000 0.206202 0.347417 0.212614 0.392600 0.305138 0.000000 0.523157 0.581678 0.354720 0.000000 0.000000 0.218208 0.470304 0.322857 0.380968 0.554852 0.371047 0.909703 0.245120 0.350655 0.000000 0.236058 0.387998 0.360507 0.226093 0.000000 0.480641 0.430773 0.000000 0.366452 
0.000000 0.000000 0.000000 0.000000 0.000000 0.000000 0.000000 0.000000 0.000000 0.000000 0.722625 0.197734 0.000000 0.432406 0.000000 0.000000 0.193281 0.000000 0.000000 0.627757 0.000000 0.291268 0.308515 0.414713 0.000000 0.264439 0.000000 0.000000 0.000000 0.294318 0.000000 0.522124 0.000000 0.000000 0.218679 0.000000 0.000000 0.000000 0.000000 0.000000 0.000000 0.000000 0.000000 0.205921 0.000000 
0.360939 0.222990 0.289578 0.190246 0.000000 0.296859 0.000000 0.000000 0.000000 0.000000 0.473586 0.428179 0.432406 0.000000 0.000000 0.000000 0.399355 0.000000 0.202958 0.592432 0.000000 0.666966 0.710094 0.473618 0.000000 0.000000 0.000000 0.202737 0.000000 0.377030 0.245825 0.672553 0.391384 0.324269 0.443351 0.000000 0.000000 0.363551 0.283408 0.000000 0.000000 0.234646 0.214047 0.000000 0.210502 
0.000000 0.000000 0.000000 0.000000 0.000000 0.000000 0.000000 0.000000 0.000000 0.505476 0.000000 0.000000 0.000000 0.000000 0.000000 0.000000 0.000000 0.000000 0.000000 0.000000 0.273477 0.000000 0.000000 0.000000 0.000000 0.000000 0.000000 0.000000 0.000000 0.000000 0.000000 0.000000 0.000000 0.000000 0.000000 0.775752 0.000000 0.000000 0.000000 0.000000 0.257451 0.000000 0.000000 0.000000 0.000000 
0.000000 0.361270 0.266849 0.769610 0.000000 0.426793 0.000000 0.000000 0.000000 0.000000 0.000000 0.206202 0.000000 0.000000 0.000000 0.000000 0.000000 0.000000 0.000000 0.000000 0.000000 0.000000 0.000000 0.272974 0.000000 0.249625 0.000000 0.225736 0.000000 0.378174 0.000000 0.000000 0.215580 0.000000 0.000000 0.000000 0.000000 0.000000 0.000000 0.000000 0.000000 0.353728 0.000000 0.379766 0.000000 
0.887419 0.000000 0.230375 0.000000 0.000000 0.000000 0.000000 0.298814 0.248035 0.000000 0.193267 0.347417 0.193281 0.399355 0.000000 0.000000 0.000000 0.000000 0.315513 0.238131 0.000000 0.559323 0.467363 0.197191 0.000000 0.000000 0.222746 0.000000 0.204528 0.000000 0.277527 0.269226 0.321679 0.701213 0.881019 0.000000 0.000000 0.788712 0.603913 0.214779 0.000000 0.000000 0.309800 0.000000 0.367839 
0.193721 0.000000 0.224275 0.000000 0.876812 0.000000 0.727973 0.580792 0.614779 0.000000 0.000000 0.212614 0.000000 0.000000 0.000000 0.000000 0.000000 0.000000 0.519630 0.000000 0.000000 0.000000 0.000000 0.000000 0.000000 0.000000 0.707908 0.287349 0.609208 0.000000 0.368159 0.000000 0.221898 0.000000 0.000000 0.000000 0.896571 0.222506 0.287678 0.777931 0.000000 0.000000 0.488398 0.000000 0.475745 
0.341698 0.267734 0.366939 0.000000 0.516265 0.217663 0.442683 0.710734 0.785644 0.000000 0.000000 0.392600 0.000000 0.202958 0.000000 0.000000 0.315513 0.519630 0.000000 0.000000 0.000000 0.295050 0.284825 0.000000 0.000000 0.000000 0.555012 0.404448 0.640146 0.000000 0.608634 0.000000 0.402130 0.234225 0.288762 0.000000 0.568510 0.399245 0.490637 0.575238 0.000000 0.275987 0.888127 0.000000 0.801299 
0.214474 0.194567 0.227808 0.222742 0.000000 0.285872 0.000000 0.000000 0.000000 0.000000 0.788531 0.305138 0.627757 0.592432 0.000000 0.000000 0.238131 0.000000 0.000000 0.000000 0.000000 0.398054 0.443693 0.633200 0.000000 0.291969 0.000000 0.000000 0.000000 0.451715 0.000000 0.822290 0.284027 0.200161 0.265956 0.000000 0.000000 0.215411 0.000000 0.000000 0.000000 0.203288 0.000000 0.257656 0.000000 
0.000000 0.000000 0.000000 0.000000 0.000000 0.000000 0.000000 0.000000 0.000000 0.539088 0.000000 0.000000 0.000000 0.000000 0.273477 0.000000 0.000000 0.000000 0.000000 0.000000 0.000000 0.000000 0.000000 0.000000 0.274489 0.261519 0.000000 0.000000 0.000000 0.000000 0.000000 0.000000 0.000000 0.000000 0.000000 0.335012 0.000000 0.000000 0.000000 0.000000 0.377463 0.000000 0.000000 0.258711 0.000000 
0.516015 0.243410 0.338198 0.000000 0.000000 0.290305 0.000000 0.242198 0.239399 0.000000 0.316537 0.523157 0.291268 0.666966 0.000000 0.000000 0.559323 0.000000 0.295050 0.398054 0.000000 0.000000 0.832305 0.350732 0.000000 0.000000 0.000000 0.249811 0.207726 0.306470 0.330323 0.463976 0.476320 0.419232 0.601345 0.000000 0.000000 0.536010 0.423497 0.000000 0.000000 0.256587 0.306996 0.000000 0.312125 
0.433936 0.280270 0.380994 0.200781 0.000000 0.344241 0.000000 0.225820 0.235371 0.000000 0.350394 0.581678 0.308515 0.710094 0.000000 0.000000 0.467363 0.000000 0.284825 0.443693 0.000000 0.832305 0.000000 0.413979 0.000000 0.000000 0.000000 0.273642 0.208516 0.367647 0.343647 0.527265 0.529415 0.349007 0.500575 0.000000 0.000000 0.458583 0.371236 0.000000 0.000000 0.295404 0.301206 0.000000 0.291957 
0.000000 0.278118 0.299327 0.351744 0.000000 0.422410 0.000000 0.000000 0.000000 0.000000 0.568326 0.354720 0.414713 0.473618 0.000000 0.272974 0.197191 0.000000 0.000000 0.633200 0.000000 0.350732 0.413979 0.000000 0.000000 0.358611 0.000000 0.204461 0.000000 0.709313 0.201325 0.676243 0.339481 0.000000 0.215572 0.000000 0.000000 0.189844 0.000000 0.000000 0.000000 0.288614 0.000000 0.362712 0.000000 
0.000000 0.000000 0.000000 0.000000 0.000000 0.000000 0.000000 0.000000 0.000000 0.000000 0.194001 0.000000 0.000000 0.000000 0.000000 0.000000 0.000000 0.000000 0.000000 0.000000 0.274489 0.000000 0.000000 0.000000 0.000000 0.381423 0.000000 0.000000 0.000000 0.000000 0.000000 0.000000 0.000000 0.000000 0.000000 0.000000 0.000000 0.000000 0.000000 0.000000 0.246959 0.000000 0.000000 0.258318 0.000000 
0.000000 0.000000 0.000000 0.281567 0.000000 0.207308 0.000000 0.000000 0.000000 0.000000 0.333636 0.000000 0.264439 0.000000 0.000000 0.249625 0.000000 0.000000 0.000000 0.291969 0.261519 0.000000 0.000000 0.358611 0.381423 0.000000 0.000000 0.000000 0.000000 0.342871 0.000000 0.268313 0.000000 0.000000 0.000000 0.000000 0.000000 0.000000 0.000000 0.000000 0.000000 0.000000 0.000000 0.646472 0.000000 
0.247963 0.000000 0.208627 0.000000 0.628425 0.000000 0.773563 0.732585 0.575815 0.000000 0.000000 0.218208 0.000000 0.000000 0.000000 0.000000 0.222746 0.707908 0.555012 0.000000 0.000000 0.000000 0.000000 0.000000 0.000000 0.000000 0.000000 0.248183 0.506701 0.000000 0.349161 0.000000 0.223191 0.000000 0.198777 0.000000 0.689465 0.280009 0.368763 0.902234 0.000000 0.000000 0.500055 0.000000 0.567956 
0.192060 0.621564 0.680051 0.256726 0.315471 0.432345 0.214901 0.291371 0.430694 0.000000 0.000000 0.470304 0.000000 0.202737 0.000000 0.225736 0.000000 0.287349 0.404448 0.000000 0.000000 0.249811 0.273642 0.204461 0.000000 0.000000 0.248183 0.000000 0.471525 0.254639 0.641641 0.000000 0.516338 0.000000 0.000000 0.000000 0.319553 0.224942 0.239790 0.268597 0.000000 0.626571 0.454007 0.000000 0.331911 
0.220117 0.293760 0.363350 0.000000 0.662568 0.214184 0.453924 0.533267 0.806451 0.000000 0.000000 0.322857 0.000000 0.000000 0.000000 0.000000 0.204528 0.609208 0.640146 0.000000 0.000000 0.207726 0.208516 0.000000 0.000000 0.000000 0.506701 0.471525 0.000000 0.000000 0.578856 0.000000 0.342261 0.000000 0.000000 0.000000 0.677696 0.257983 0.314084 0.555570 0.000000 0.297831 0.659402 0.000000 0.520784 
0.000000 0.367899 0.365003 0.489899 0.000000 0.566712 0.000000 0.000000 0.000000 0.000000 0.404481 0.380968 0.294318 0.377030 0.000000 0.378174 0.000000 0.000000 0.000000 0.451715 0.000000 0.306470 0.367647 0.709313 0.000000 0.342871 0.000000 0.254639 0.000000 0.000000 0.230112 0.500248 0.375504 0.000000 0.000000 0.000000 0.000000 0.000000 0.000000 0.000000 0.000000 0.378941 0.000000 0.401188 0.000000 
0.288433 0.439591 0.597508 0.191553 0.389173 0.350981 0.288688 0.432807 0.593527 0.000000 0.000000 0.554852 0.000000 0.245825 0.000000 0.000000 0.277527 0.368159 0.608634 0.000000 0.000000 0.330323 0.343647 0.201325 0.000000 0.000000 0.349161 0.641641 0.578856 0.230112 0.000000 0.205931 0.590939 0.196389 0.264654 0.000000 0.410333 0.339180 0.371427 0.370835 0.000000 0.453441 0.685185 0.000000 0.510492 
0.244093 0.231777 0.275583 0.245137 0.000000 0.335169 0.000000 0.000000 0.000000 0.000000 0.651584 0.371047 0.522124 0.672553 0.000000 0.000000 0.269226 0.000000 0.000000 0.822290 0.000000 0.463976 0.527265 0.676243 0.000000 0.268313 0.000000 0.000000 0.000000 0.500248 0.205931 0.000000 0.345391 0.218834 0.298269 0.000000 0.000000 0.248985 0.197188 0.000000 0.000000 0.242549 0.000000 0.251571 0.000000 
0.317826 0.495723 0.707615 0.268058 0.231799 0.503938 0.000000 0.291919 0.360880 0.000000 0.226312 0.909703 0.000000 0.391384 0.000000 0.215580 0.321679 0.221898 0.402130 0.284027 0.000000 0.476320 0.529415 0.339481 0.000000 0.000000 0.223191 0.516338 0.342261 0.375504 0.590939 0.345391 0.000000 0.226399 0.322783 0.000000 0.246764 0.363762 0.345210 0.232608 0.000000 0.521795 0.444397 0.000000 0.367863 
0.678796 0.000000 0.000000 0.000000 0.000000 0.000000 0.000000 0.235529 0.000000 0.000000 0.000000 0.245120 0.000000 0.324269 0.000000 0.000000 0.701213 0.000000 0.234225 0.200161 0.000000 0.419232 0.349007 0.000000 0.000000 0.000000 0.000000 0.000000 0.000000 0.000000 0.196389 0.218834 0.226399 0.000000 0.692861 0.000000 0.000000 0.576465 0.472607 0.000000 0.000000 0.000000 0.226356 0.000000 0.280098 
0.781860 0.000000 0.229496 0.000000 0.000000 0.000000 0.000000 0.267751 0.227413 0.000000 0.216838 0.350655 0.218679 0.443351 0.000000 0.000000 0.881019 0.000000 0.288762 0.265956 0.000000 0.601345 0.500575 0.215572 0.000000 0.000000 0.198777 0.000000 0.000000 0.000000 0.264654 0.298269 0.322783 0.692861 0.000000 0.000000 0.000000 0.709681 0.537469 0.192364 0.000000 0.000000 0.286177 0.000000 0.332517 
0.000000 0.000000 0.000000 0.000000 0.000000 0.000000 0.000000 0.000000 0.000000 0.603528 0.000000 0.000000 0.000000 0.000000 0.775752 0.000000 0.000000 0.000000 0.000000 0.000000 0.335012 0.000000 0.000000 0.000000 0.000000 0.000000 0.000000 0.000000 0.000000 0.000000 0.000000 0.000000 0.000000 0.000000 0.000000 0.000000 0.000000 0.000000 0.000000 0.000000 0.330432 0.000000 0.000000 0.000000 0.000000 
0.205604 0.199175 0.250146 0.000000 0.892731 0.000000 0.665079 0.604362 0.682805 0.000000 0.000000 0.236058 0.000000 0.000000 0.000000 0.000000 0.000000 0.896571 0.568510 0.000000 0.000000 0.000000 0.000000 0.000000 0.000000 0.000000 0.689465 0.319553 0.677696 0.000000 0.410333 0.000000 0.246764 0.000000 0.000000 0.000000 0.000000 0.237297 0.304160 0.764040 0.000000 0.202128 0.539102 0.000000 0.508896 
0.849219 0.000000 0.265468 0.000000 0.212790 0.000000 0.217024 0.377231 0.313737 0.000000 0.000000 0.387998 0.000000 0.363551 0.000000 0.000000 0.788712 0.222506 0.399245 0.215411 0.000000 0.536010 0.458583 0.189844 0.000000 0.000000 0.280009 0.224942 0.257983 0.000000 0.339180 0.248985 0.363762 0.576465 0.709681 0.000000 0.237297 0.000000 0.753656 0.271028 0.000000 0.191833 0.390094 0.000000 0.466297 
0.671701 0.000000 0.262982 0.000000 0.272032 0.000000 0.286336 0.492700 0.386730 0.000000 0.000000 0.360507 0.000000 0.283408 0.000000 0.000000 0.603913 0.287678 0.490637 0.000000 0.000000 0.423497 0.371236 0.000000 0.000000 0.000000 0.368763 0.239790 0.314084 0.000000 0.371427 0.197188 0.345210 0.472607 0.537469 0.000000 0.304160 0.753656 0.000000 0.354653 0.000000 0.000000 0.466078 0.000000 0.592486 
0.238222 0.000000 0.221849 0.000000 0.694558 0.000000 0.769537 0.718437 0.619569 0.000000 0.000000 0.226093 0.000000 0.000000 0.000000 0.000000 0.214779 0.777931 0.575238 0.000000 0.000000 0.000000 0.000000 0.000000 0.000000 0.000000 0.902234 0.268597 0.555570 0.000000 0.370835 0.000000 0.232608 0.000000 0.192364 0.000000 0.764040 0.271028 0.354653 0.000000 0.000000 0.000000 0.523403 0.000000 0.565839 
0.000000 0.000000 0.000000 0.000000 0.000000 0.000000 0.000000 0.000000 0.000000 0.359706 0.000000 0.000000 0.000000 0.000000 0.257451 0.000000 0.000000 0.000000 0.000000 0.000000 0.377463 0.000000 0.000000 0.000000 0.246959 0.000000 0.000000 0.000000 0.000000 0.000000 0.000000 0.000000 0.000000 0.000000 0.000000 0.330432 0.000000 0.000000 0.000000 0.000000 0.000000 0.000000 0.000000 0.000000 0.000000 
0.000000 0.948637 0.720018 0.408956 0.198319 0.666301 0.000000 0.196327 0.279403 0.000000 0.000000 0.480641 0.000000 0.234646 0.000000 0.353728 0.000000 0.000000 0.275987 0.203288 0.000000 0.256587 0.295404 0.288614 0.000000 0.000000 0.000000 0.626571 0.297831 0.378941 0.453441 0.242549 0.521795 0.000000 0.000000 0.000000 0.202128 0.191833 0.000000 0.000000 0.000000 0.000000 0.310723 0.000000 0.233521 
0.332300 0.301458 0.412243 0.000000 0.495290 0.243912 0.403518 0.631615 0.779800 0.000000 0.000000 0.430773 0.000000 0.214047 0.000000 0.000000 0.309800 0.488398 0.888127 0.000000 0.000000 0.306996 0.301206 0.000000 0.000000 0.000000 0.500055 0.454007 0.659402 0.000000 0.685185 0.000000 0.444397 0.226356 0.286177 0.000000 0.539102 0.390094 0.466078 0.523403 0.000000 0.310723 0.000000 0.000000 0.726365 
0.000000 0.000000 0.000000 0.413328 0.000000 0.270446 0.000000 0.000000 0.000000 0.000000 0.274385 0.000000 0.205921 0.000000 0.000000 0.379766 0.000000 0.000000 0.000000 0.257656 0.258711 0.000000 0.000000 0.362712 0.258318 0.646472 0.000000 0.000000 0.000000 0.401188 0.000000 0.251571 0.000000 0.000000 0.000000 0.000000 0.000000 0.000000 0.000000 0.000000 0.000000 0.000000 0.000000 0.000000 0.000000 
0.403310 0.225569 0.316295 0.000000 0.456219 0.191307 0.440969 0.773366 0.645172 0.000000 0.000000 0.366452 0.000000 0.210502 0.000000 0.000000 0.367839 0.475745 0.801299 0.000000 0.000000 0.312125 0.291957 0.000000 0.000000 0.000000 0.567956 0.331911 0.520784 0.000000 0.510492 0.000000 0.367863 0.280098 0.332517 0.000000 0.508896 0.466297 0.592486 0.565839 0.000000 0.233521 0.726365 0.000000 0.000000 
